0,-0.837503433228,15.7918014526,0.407900691032,-0.0381498297842,0.102318509273,0.109387159958,0.987982774336,20.991,22.837,1.524
1,-0.837503433228,15.7918014526,0.407900691032,-0.0381498297842,0.102318509273,0.109387159958,0.987982774336,20.991,22.837,1.524
2,-0.831980347633,15.8072853088,0.409445643425,-0.0378579731614,0.102148479724,0.109498472893,0.987999264368,20.991,22.837,1.524
3,-0.831980347633,15.8072853088,0.409445643425,-0.0378579731614,0.102148479724,0.109498472893,0.987999264368,20.991,22.837,1.524
4,-0.835287809372,15.7934398651,0.400059103966,-0.0383170747736,0.102118009716,0.109404304988,0.987995147722,20.991,22.837,1.524
5,-0.835287809372,15.7934398651,0.400059103966,-0.0383170747736,0.102118009716,0.109404304988,0.987995147722,20.991,22.837,1.524
6,-0.847963094711,15.8011274338,0.408903002739,-0.0379865422289,0.102290719897,0.109261285357,0.988005871822,20.991,22.837,1.524
7,-0.828981757164,15.7930583954,0.394779205322,-0.0384631747639,0.101798314875,0.109090772837,0.988057129197,20.991,22.837,1.524
8,-0.828981757164,15.7930583954,0.394779205322,-0.0384631747639,0.101798314875,0.109090772837,0.988057129197,20.991,22.837,1.524
9,-0.834670186043,15.8087425232,0.410481929779,-0.0379382244557,0.102425034755,0.109257682572,0.987994211612,20.991,22.837,1.524
10,-0.83066868782,15.8019943237,0.405902862549,-0.0377653767304,0.10219732648,0.109167322009,0.98803440152,20.991,22.837,1.524
11,-0.83066868782,15.8019943237,0.405902862549,-0.0377653767304,0.10219732648,0.109167322009,0.98803440152,20.991,22.837,1.524
12,-0.83066868782,15.8019943237,0.405902862549,-0.0377653767304,0.10219732648,0.109167322009,0.98803440152,20.991,22.837,1.524
13,-0.845777273178,15.7992649078,0.407093405724,-0.0382607846339,0.102514115595,0.109031824421,0.987997484676,20.991,22.837,1.524
14,-0.827937960625,15.8047161102,0.408201217651,-0.0376233666176,0.102211558835,0.108967132286,0.98806044532,20.991,22.837,1.524
15,-0.837228775024,15.7974185944,0.406150579453,-0.0378641504736,0.102167202728,0.109278542501,0.988021441541,20.991,22.837,1.524
16,-0.837228775024,15.7974185944,0.406150579453,-0.0378641504736,0.102167202728,0.109278542501,0.988021441541,20.991,22.837,1.524
17,-0.836638212204,15.8063707352,0.414148807526,-0.0377154251,0.102500068604,0.109233094888,0.987997678958,20.991,22.837,1.524
18,-0.830353140831,15.8040266037,0.406861782074,-0.0379808729333,0.102354556492,0.108943674818,0.988034550901,20.991,22.837,1.524
19,-0.830353140831,15.8040266037,0.406861782074,-0.0379808729333,0.102354556492,0.108943674818,0.988034550901,20.991,22.837,1.524
20,-0.83352458477,15.8102941513,0.418102025986,-0.0370792702237,0.102284417137,0.10898838912,0.988071129407,20.991,22.837,1.524
21,-0.836800336838,15.8020200729,0.405947089195,-0.0380314086356,0.102259851359,0.109125342271,0.98802236535,20.991,22.837,1.524
22,-0.836800336838,15.8020200729,0.405947089195,-0.0380314086356,0.102259851359,0.109125342271,0.98802236535,20.991,22.837,1.524
23,-0.828944206238,15.8001852036,0.403411626816,-0.0380736137724,0.101687048451,0.109822306963,0.988002634108,20.991,22.837,1.524
24,-0.840608119965,15.8122463226,0.409183144569,-0.0377298697263,0.1025528627,0.108515746656,0.988070695856,20.991,22.837,1.524
25,-0.840608119965,15.8122463226,0.409183144569,-0.0377298697263,0.1025528627,0.108515746656,0.988070695856,20.991,22.837,1.524
26,-0.820424318314,15.8059396744,0.399044036865,-0.0378805902445,0.101580257215,0.109951395767,0.988006681554,20.991,22.837,1.524
27,-0.827816724777,15.8069658279,0.408180475235,-0.0380177231727,0.101945668513,0.10837071813,0.988138411787,20.991,22.837,1.524
28,-0.827816724777,15.8069658279,0.408180475235,-0.0380177231727,0.101945668513,0.10837071813,0.988138411787,20.991,22.837,1.524
29,-0.821897268295,15.7933006287,0.409846901894,-0.0380650008584,0.101879145959,0.110015596715,0.987961671224,20.991,22.837,1.524
30,-0.821897268295,15.7933006287,0.409846901894,-0.0380650008584,0.101879145959,0.110015596715,0.987961671224,20.991,22.837,1.524
31,-0.808213472366,15.8041286469,0.411105871201,-0.0377157133767,0.101633382212,0.108922700082,0.988121463177,20.991,22.837,1.524
32,-0.793899893761,15.8182134628,0.41045987606,-0.0379278966207,0.101424044063,0.109336653578,0.988089132684,20.991,22.837,1.524
33,-0.793899893761,15.8182134628,0.41045987606,-0.0379278966207,0.101424044063,0.109336653578,0.988089132684,20.991,22.837,1.524
34,-0.800296664238,15.8041696548,0.407783985138,-0.0382887165329,0.101542525479,0.109104751031,0.988088681753,20.991,22.837,1.524
35,-0.772003889084,15.8119678497,0.417386174202,-0.0377296548073,0.102049577671,0.108815454114,0.988089851072,20.991,22.837,1.524
36,-0.772003889084,15.8119678497,0.417386174202,-0.0377296548073,0.102049577671,0.108815454114,0.988089851072,20.991,22.837,1.524
37,-0.745269179344,15.8233480453,0.39253115654,-0.0386078714968,0.101144895417,0.108598194973,0.988172846438,20.991,22.837,1.524
38,-0.721808671951,15.8364219666,0.420944809914,-0.03771969178,0.101542131078,0.108593754971,0.988166897265,20.991,22.837,1.524
39,-0.721808671951,15.8364219666,0.420944809914,-0.03771969178,0.101542131078,0.108593754971,0.988166897265,20.991,22.837,1.524
40,-0.686390995979,15.8321475983,0.397789955139,-0.0386029431302,0.100878858274,0.10832124335,0.988230629445,20.991,22.837,1.524
41,-0.686390995979,15.8321475983,0.397789955139,-0.0386029431302,0.100878858274,0.10832124335,0.988230629445,20.991,22.837,1.524
42,-0.66029548645,15.828625679,0.417718529701,-0.0378430925282,0.101432212735,0.108996336659,0.98812914397,20.991,22.837,1.524
43,-0.638828277588,15.8530712128,0.412206053734,-0.037807100971,0.101272504483,0.108683347611,0.988181376522,20.991,22.837,1.524
44,-0.638828277588,15.8530712128,0.412206053734,-0.037807100971,0.101272504483,0.108683347611,0.988181376522,20.991,22.837,1.524
45,-0.590141057968,15.8556432724,0.407405257225,-0.0381503128214,0.100874385705,0.108337385386,0.98824689368,20.991,22.837,1.524
46,-0.561350107193,15.8685455322,0.434311151505,-0.0372879570114,0.10134290068,0.108557117143,0.988207760069,20.991,22.837,1.524
47,-0.561350107193,15.8685455322,0.434311151505,-0.0372879570114,0.10134290068,0.108557117143,0.988207760069,20.991,22.837,1.524
48,-0.524003267288,15.8876438141,0.421866059303,-0.0375327883768,0.101337587356,0.108028831893,0.988256927456,20.991,22.837,1.524
49,-0.524003267288,15.8876438141,0.421866059303,-0.0375327883768,0.101337587356,0.108028831893,0.988256927456,20.991,22.837,1.524
50,-0.476135611534,15.8929767609,0.417828202248,-0.0379138174009,0.100825339081,0.108272623987,0.988268097403,20.991,22.837,1.524
51,-0.41308426857,15.8883943558,0.429552197456,-0.0376131498357,0.101165925394,0.107863626957,0.988289504385,20.991,22.837,1.524
52,-0.354277133942,15.9214754105,0.423156023026,-0.037141445185,0.100485736446,0.107906563889,0.988372047,20.991,22.837,1.524
53,-0.354277133942,15.9214754105,0.423156023026,-0.037141445185,0.100485736446,0.107906563889,0.988372047,20.991,22.837,1.524
54,-0.295441508293,15.9233369827,0.433183789253,-0.0370864105278,0.100965833946,0.107893353688,0.988326627568,20.991,22.837,1.524
55,-0.295441508293,15.9233369827,0.433183789253,-0.0370864105278,0.100965833946,0.107893353688,0.988326627568,20.991,22.837,1.524
56,-0.230036735535,15.9573736191,0.44109082222,-0.0368028534487,0.100981623881,0.107902284383,0.988334638997,20.991,22.837,1.524
57,-0.144114136696,15.9666795731,0.433925509453,-0.0367189536633,0.100969841112,0.108133914814,0.988313647632,20.991,22.837,1.524
58,-0.144114136696,15.9666795731,0.433925509453,-0.0367189536633,0.100969841112,0.108133914814,0.988313647632,20.991,22.837,1.524
59,-0.075389623642,15.9933423996,0.439316153526,-0.0363681122925,0.101289118394,0.107268815382,0.988388221373,20.991,22.837,1.524
60,0.00759315490723,15.9957199097,0.443206310272,-0.035976557919,0.100806191377,0.108225418151,0.988347640219,20.991,22.837,1.524
61,0.0836279392242,16.0350990295,0.461567282677,-0.0353538223582,0.101508375071,0.107582133427,0.98836847461,20.991,22.837,1.524
62,0.0836279392242,16.0350990295,0.461567282677,-0.0353538223582,0.101508375071,0.107582133427,0.98836847461,20.991,22.837,1.524
63,0.0836279392242,16.0350990295,0.461567282677,-0.0353538223582,0.101508375071,0.107582133427,0.98836847461,20.991,22.837,1.524
64,0.193082094193,16.0559768677,0.467128753662,-0.0356512257548,0.101479740281,0.107801681257,0.988336809966,20.991,22.837,1.524
65,0.280189752579,16.0935821533,0.476534843445,-0.035112417256,0.101390479649,0.108019673211,0.988341458703,20.991,22.837,1.524
66,0.280189752579,16.0935821533,0.476534843445,-0.035112417256,0.101390479649,0.108019673211,0.988341458703,20.991,22.837,1.524
67,0.38348031044,16.1254081726,0.48314344883,-0.0350184307545,0.101161910986,0.10751858049,0.98842285087,20.991,22.837,1.524
68,0.505916118622,16.1430339813,0.495957732201,-0.0348885604848,0.101332639893,0.107976385131,0.988360048107,20.991,22.837,1.524
69,0.505916118622,16.1430339813,0.495957732201,-0.0348885604848,0.101332639893,0.107976385131,0.988360048107,20.991,22.837,1.524
70,0.642048835754,16.1742839813,0.474552035332,-0.0355280610784,0.100619751335,0.106720050847,0.98854653571,20.991,22.837,1.524
71,0.739509105682,16.212179184,0.493070006371,-0.0348673910949,0.100523411376,0.107053508556,0.988543805357,20.991,22.837,1.524
72,0.739509105682,16.212179184,0.493070006371,-0.0348673910949,0.100523411376,0.107053508556,0.988543805357,20.991,22.837,1.524
73,0.856471776962,16.2334938049,0.492239236832,-0.0350289593887,0.100262230574,0.106669733944,0.988606102037,20.991,22.837,1.524
74,0.993761301041,16.2568378448,0.505490541458,-0.0352042026506,0.100379209488,0.106700027218,0.988584737192,20.991,22.837,1.524
75,0.993761301041,16.2568378448,0.505490541458,-0.0352042026506,0.100379209488,0.106700027218,0.988584737192,20.991,22.837,1.524
76,1.12928056717,16.2935657501,0.515297532082,-0.0343545291511,0.100573865591,0.106449279729,0.988621876519,20.991,22.837,1.524
77,1.12928056717,16.2935657501,0.515297532082,-0.0343545291511,0.100573865591,0.106449279729,0.988621876519,20.991,22.837,1.524
78,1.27545833588,16.3282203674,0.534286260605,-0.0341453839223,0.0997822272175,0.107786763682,0.988564420492,20.991,22.837,1.524
79,1.43597888947,16.3745632172,0.54431283474,-0.034790975379,0.100312403068,0.105911302469,0.988690955674,20.991,22.837,1.524
80,1.43597888947,16.3745632172,0.54431283474,-0.034790975379,0.100312403068,0.105911302469,0.988690955674,20.991,22.837,1.524
81,1.61647343636,16.390871048,0.550674915314,-0.035886731096,0.100541286084,0.105922627094,0.988627325838,20.991,22.837,1.524
82,1.79454636574,16.4521331787,0.555252313614,-0.0365409684348,0.100672472221,0.104855921838,0.988703720342,20.991,22.837,1.524
83,1.79454636574,16.4521331787,0.555252313614,-0.0365409684348,0.100672472221,0.104855921838,0.988703720342,20.991,22.837,1.524
84,1.96829676628,16.4853858948,0.570147871971,-0.0364719859443,0.100726203664,0.104514424534,0.988736952481,20.991,22.837,1.524
85,2.1129155159,16.536699295,0.572824001312,-0.0366474205348,0.0999110262734,0.104069819781,0.988860063916,20.991,22.837,1.524
86,2.1129155159,16.536699295,0.572824001312,-0.0366474205348,0.0999110262734,0.104069819781,0.988860063916,20.991,22.837,1.524
87,2.2861366272,16.5799102783,0.590347647667,-0.0353013847996,0.100405108812,0.1039424503,0.98887238478,20.991,22.837,1.524
88,2.2861366272,16.5799102783,0.590347647667,-0.0353013847996,0.100405108812,0.1039424503,0.98887238478,20.991,22.837,1.524
89,2.44540262222,16.6112289429,0.606361269951,-0.0350738712055,0.100628311242,0.104137412297,0.988837279786,20.991,22.837,1.524
90,2.59644961357,16.6561889648,0.623267292976,-0.0350690852245,0.101188592604,0.101849078222,0.989018601065,20.991,22.837,1.524
91,2.59644961357,16.6561889648,0.623267292976,-0.0350690852245,0.101188592604,0.101849078222,0.989018601065,20.991,22.837,1.524
92,2.75614452362,16.6800823212,0.634655356407,-0.0350729600996,0.100871815868,0.10373684133,0.988854606089,20.991,22.837,1.524
93,2.94294786453,16.7295703888,0.637578487396,-0.0356581370266,0.100186534487,0.103202021227,0.988959300672,20.991,22.837,1.524
94,2.94294786453,16.7295703888,0.637578487396,-0.0356581370266,0.100186534487,0.103202021227,0.988959300672,20.991,22.837,1.524
95,3.14636802673,16.7655658722,0.665162205696,-0.0358244725226,0.100432672249,0.102759461734,0.988974407423,20.991,22.837,1.524
96,3.14636802673,16.7655658722,0.665162205696,-0.0358244725226,0.100432672249,0.102759461734,0.988974407423,20.991,22.837,1.524
97,3.31408834457,16.8133525848,0.670826077461,-0.0365146449181,0.100937940965,0.102788559696,0.988894698528,20.991,22.837,1.524
98,3.5172932148,16.8813095093,0.682154655457,-0.0357017129719,0.100409064857,0.101960403225,0.98906394311,20.991,22.837,1.524
99,3.5172932148,16.8813095093,0.682154655457,-0.0357017129719,0.100409064857,0.101960403225,0.98906394311,20.991,22.837,1.524
100,3.6999797821,16.9149589539,0.713569998741,-0.0347049265215,0.10110973196,0.101263561316,0.989099631649,20.991,22.837,1.524
101,3.91051745415,16.9622383118,0.719606518745,-0.0354822504909,0.10136316144,0.100351553701,0.989139062555,20.991,22.837,1.524
102,3.91051745415,16.9622383118,0.719606518745,-0.0354822504909,0.10136316144,0.100351553701,0.989139062555,20.991,22.837,1.524
103,4.09149599075,16.9983787537,0.726535320282,-0.0360060375698,0.10164197487,0.0997281360829,0.989154574916,20.991,22.837,1.524
104,4.22757482529,17.0338630676,0.73103249073,-0.0362605133581,0.101115057708,0.0986174538661,0.989310627694,20.991,22.837,1.524
105,4.22757482529,17.0338630676,0.73103249073,-0.0362605133581,0.101115057708,0.0986174538661,0.989310627694,20.991,22.837,1.524
106,4.41223812103,17.0783557892,0.748160004616,-0.0361109148977,0.10084095286,0.097718964106,0.989433225693,20.991,22.837,1.524
107,4.5741481781,17.1032524109,0.749366641045,-0.0368254228262,0.100566137275,0.097279134744,0.989478200978,20.991,22.837,1.524
108,4.5741481781,17.1032524109,0.749366641045,-0.0368254228262,0.100566137275,0.097279134744,0.989478200978,20.991,22.837,1.524
109,4.74879407883,17.1448535919,0.749436855316,-0.0370666827633,0.100664204401,0.0969014047579,0.989496284347,20.991,22.837,1.524
110,4.74879407883,17.1448535919,0.749436855316,-0.0370666827633,0.100664204401,0.0969014047579,0.989496284347,20.991,22.837,1.524
111,4.90739345551,17.1989917755,0.775799036026,-0.0369557072272,0.100724339416,0.0965011635438,0.989533429747,20.991,22.837,1.524
112,5.08491706848,17.2412872314,0.785156011581,-0.037550061362,0.101428049281,0.0956870458123,0.989518232765,20.991,22.837,1.524
113,5.08491706848,17.2412872314,0.785156011581,-0.037550061362,0.101428049281,0.0956870458123,0.989518232765,20.991,22.837,1.524
114,5.27487945557,17.2674560547,0.802625656128,-0.0380696437093,0.102010263979,0.0947121619167,0.989532321178,20.991,22.837,1.524
115,5.51128387451,17.3043441772,0.817748904228,-0.0373581919366,0.101665149942,0.0933073397009,0.989728398673,20.991,22.837,1.524
116,5.51128387451,17.3043441772,0.817748904228,-0.0373581919366,0.101665149942,0.0933073397009,0.989728398673,20.991,22.837,1.524
117,5.70184707642,17.3475074768,0.815958142281,-0.0383965411668,0.101439264513,0.092451819052,0.989792120799,20.991,22.837,1.524
118,5.70184707642,17.3475074768,0.815958142281,-0.0383965411668,0.101439264513,0.092451819052,0.989792120799,20.991,22.837,1.524
119,5.86190700531,17.4078521729,0.836249709129,-0.0384423606677,0.101858489246,0.0924104424665,0.989751152158,20.991,22.837,1.524
120,6.07970619202,17.4439678192,0.838373064995,-0.0404021997852,0.100661310272,0.0911762312466,0.989910025064,20.991,22.837,1.524
121,6.07970619202,17.4439678192,0.838373064995,-0.0404021997852,0.100661310272,0.0911762312466,0.989910025064,20.991,22.837,1.524
122,6.26661634445,17.4710769653,0.843783378601,-0.0397042778171,0.100331408059,0.0901628567834,0.99006456261,20.991,22.837,1.524
123,6.43426513672,17.507062912,0.858243227005,-0.0391197332552,0.100876907382,0.0899165494049,0.990054801599,20.991,22.837,1.524
124,6.43426513672,17.507062912,0.858243227005,-0.0391197332552,0.100876907382,0.0899165494049,0.990054801599,20.991,22.837,1.524
125,6.59924602509,17.5399494171,0.87254011631,-0.0391439768009,0.100951305978,0.0893344792923,0.990098951475,20.991,22.837,1.524
126,6.76160049438,17.5882148743,0.902373790741,-0.0385333935903,0.101361072922,0.088921101812,0.990118249568,20.991,22.837,1.524
127,6.76160049438,17.5882148743,0.902373790741,-0.0385333935903,0.101361072922,0.088921101812,0.990118249568,20.991,22.837,1.524
128,6.94773197174,17.6375694275,0.910045027733,-0.0384316208467,0.101493466165,0.0886849938539,0.99012981912,20.991,22.837,1.524
129,6.94773197174,17.6375694275,0.910045027733,-0.0384316208467,0.101493466165,0.0886849938539,0.99012981912,20.991,22.837,1.524
130,7.13434696198,17.6821956635,0.950776576996,-0.0363465109204,0.102595724829,0.0881436851509,0.990143292235,20.991,22.837,1.524
131,7.13434696198,17.6821956635,0.950776576996,-0.0363465109204,0.102595724829,0.0881436851509,0.990143292235,20.991,22.837,1.524
132,7.32830762863,17.7113265991,0.959848642349,-0.0353910692456,0.10267239442,0.0871703363715,0.990256120455,20.991,22.837,1.524
133,7.47478103638,17.7386932373,0.976927042007,-0.0362474119565,0.103720192237,0.0861643608542,0.990203994017,20.991,22.837,1.524
134,7.64993095398,17.7759742737,0.965084910393,-0.0381399004756,0.103170371581,0.0851826004245,0.990275288495,20.991,22.837,1.524
135,7.64993095398,17.7759742737,0.965084910393,-0.0381399004756,0.103170371581,0.0851826004245,0.990275288495,20.991,22.837,1.524
136,7.84581279755,17.8028850555,0.962879180908,-0.0391375600816,0.102797963185,0.0835109374387,0.990417464246,20.991,22.837,1.524
137,8.04290390015,17.8435058594,0.983471632004,-0.0384680986476,0.103006405806,0.0824958180816,0.99050710535,20.991,22.837,1.524
138,8.04290390015,17.8435058594,0.983471632004,-0.0384680986476,0.103006405806,0.0824958180816,0.99050710535,20.991,22.837,1.524
139,8.19257164001,17.8822593689,1.00047302246,-0.038325178155,0.103215586575,0.0814554342779,0.99057697108,20.991,22.837,1.524
140,8.19257164001,17.8822593689,1.00047302246,-0.038325178155,0.103215586575,0.0814554342779,0.99057697108,20.991,22.837,1.524
141,8.4054851532,17.9326648712,1.02711391449,-0.038312639113,0.103258584125,0.0795860012451,0.990724923929,20.991,22.837,1.524
142,8.57112884521,17.9480190277,1.01717340946,-0.039963275162,0.102781939325,0.0774555227695,0.990878121456,20.991,22.837,1.524
143,8.57112884521,17.9480190277,1.01717340946,-0.039963275162,0.102781939325,0.0774555227695,0.990878121456,20.991,22.837,1.524
144,8.75184059143,17.9947757721,1.03227555752,-0.0400780146659,0.103200195411,0.0751980642072,0.991003896837,20.991,22.837,1.524
145,8.95341300964,18.0365619659,1.03696429729,-0.0406277405002,0.103636951257,0.0741480832236,0.991015050738,20.991,22.837,1.524
146,8.95341300964,18.0365619659,1.03696429729,-0.0406277405002,0.103636951257,0.0741480832236,0.991015050738,20.991,22.837,1.524
147,9.12185096741,18.0403709412,1.04130625725,-0.0413004431967,0.103861254154,0.072609057809,0.99107771542,20.991,22.837,1.524
148,9.12185096741,18.0403709412,1.04130625725,-0.0413004431967,0.103861254154,0.072609057809,0.99107771542,20.991,22.837,1.524
149,9.3104724884,18.088312149,1.06248641014,-0.0395350701552,0.104090757471,0.0713783339354,0.991215025048,20.991,22.837,1.524
150,9.47205352783,18.1164302826,1.07088732719,-0.0372220524696,0.103035751919,0.0709482189272,0.991445663094,20.991,22.837,1.524
151,9.47205352783,18.1164302826,1.07088732719,-0.0372220524696,0.103035751919,0.0709482189272,0.991445663094,20.991,22.837,1.524
152,9.67001056671,18.1473960876,1.1156206131,-0.0347074328871,0.103278400893,0.0692160109078,0.99163406045,20.991,22.837,1.524
153,9.84345531464,18.1820240021,1.13848304749,-0.0323336801797,0.103020937098,0.0679913378538,0.991825789956,20.991,22.837,1.524
154,9.84345531464,18.1820240021,1.13848304749,-0.0323336801797,0.103020937098,0.0679913378538,0.991825789956,20.991,22.837,1.524
155,10.0128030777,18.1975364685,1.13576364517,-0.0318793553987,0.102063483094,0.0671670930295,0.991995631912,20.991,22.837,1.524
156,10.0128030777,18.1975364685,1.13576364517,-0.0318793553987,0.102063483094,0.0671670930295,0.991995631912,20.991,22.837,1.524
157,10.1902236938,18.2098693848,1.15046072006,-0.0314306447561,0.10239090753,0.0653105521319,0.99210017055,20.991,22.837,1.524
158,10.3764591217,18.2486820221,1.13727605343,-0.032326439716,0.101324516911,0.0637043057345,0.992285294156,20.991,22.837,1.524
159,10.3764591217,18.2486820221,1.13727605343,-0.032326439716,0.101324516911,0.0637043057345,0.992285294156,20.991,22.837,1.524
160,10.5570392609,18.2954845428,1.14307963848,-0.0341692168478,0.100443549492,0.0616687009247,0.992441700712,20.991,22.837,1.524
161,10.745388031,18.3156929016,1.15288627148,-0.0350676142668,0.101105123076,0.0606249477621,0.992407493032,20.991,22.837,1.524
162,10.745388031,18.3156929016,1.15288627148,-0.0350676142668,0.101105123076,0.0606249477621,0.992407493032,20.991,22.837,1.524
163,10.9371385574,18.3536872864,1.18097245693,-0.0343408391001,0.101816888556,0.0572451286068,0.99256084107,20.991,22.837,1.524
164,11.1183662415,18.4031581879,1.18431544304,-0.0354693801958,0.101199008649,0.056019827833,0.992654251291,20.991,22.837,1.524
165,11.1183662415,18.4031581879,1.18431544304,-0.0354693801958,0.101199008649,0.056019827833,0.992654251291,20.991,22.837,1.524
166,11.2930784225,18.4293785095,1.20441508293,-0.0352902120014,0.100746893925,0.0530372645676,0.992870441129,20.991,22.837,1.524
167,11.4786176682,18.4689083099,1.20069098473,-0.0361047629893,0.0998011646006,0.0502920463297,0.993079495161,20.991,22.837,1.524
168,11.4786176682,18.4689083099,1.20069098473,-0.0361047629893,0.0998011646006,0.0502920463297,0.993079495161,20.991,22.837,1.524
169,11.6832637787,18.4965248108,1.21189916134,-0.0349497337344,0.0996228811296,0.0466181849733,0.993317946328,20.991,22.837,1.524
170,11.8662815094,18.5055503845,1.21700835228,-0.0347205741221,0.0995015877429,0.0430131630889,0.993500771802,20.991,22.837,1.524
171,11.8662815094,18.5055503845,1.21700835228,-0.0347205741221,0.0995015877429,0.0430131630889,0.993500771802,20.991,22.837,1.524
172,12.0550174713,18.5412158966,1.24521517754,-0.0332770018248,0.0996922707573,0.0407986682704,0.993624456708,20.991,22.837,1.524
173,12.2062902451,18.5490550995,1.27071607113,-0.0316078577429,0.101445733492,0.0379857797921,0.993612996603,20.991,22.837,1.524
174,12.2062902451,18.5490550995,1.27071607113,-0.0316078577429,0.101445733492,0.0379857797921,0.993612996603,20.991,22.837,1.524
175,12.3949794769,18.5684528351,1.29888606071,-0.0293612290149,0.102034059776,0.0346504850324,0.993743585017,20.991,22.837,1.524
176,12.3949794769,18.5684528351,1.29888606071,-0.0293612290149,0.102034059776,0.0346504850324,0.993743585017,20.991,22.837,1.524
177,12.5414190292,18.5727767944,1.3147687912,-0.0271873262607,0.103367441914,0.0317954106459,0.993763087011,20.991,22.837,1.524
178,12.747171402,18.5741405487,1.33077096939,-0.0254848864919,0.104116659138,0.0275232202536,0.993857491896,20.991,22.837,1.524
179,12.747171402,18.5741405487,1.33077096939,-0.0254848864919,0.104116659138,0.0275232202536,0.993857491896,20.991,22.837,1.524
180,12.921880722,18.5985050201,1.33212161064,-0.0245547301761,0.105058910004,0.0242322002594,0.993867441425,20.991,22.837,1.524
181,13.0879182816,18.5893917084,1.32986545563,-0.0248976757212,0.1048153806,0.0209391880875,0.993959451957,20.991,22.837,1.524
182,13.0879182816,18.5893917084,1.32986545563,-0.0248976757212,0.1048153806,0.0209391880875,0.993959451957,20.991,22.837,1.524
183,13.2936897278,18.6223583221,1.34168052673,-0.0242909036539,0.104660491753,0.0172190477186,0.994062190138,20.991,22.837,1.524
184,13.2936897278,18.6223583221,1.34168052673,-0.0242909036539,0.104660491753,0.0172190477186,0.994062190138,20.991,22.837,1.524
185,13.4409475327,18.6388473511,1.35409998894,-0.0243421869769,0.104157439017,0.0140444942984,0.994163687735,20.991,22.837,1.524
186,13.6142444611,18.6548347473,1.36297035217,-0.0242722880517,0.104144168389,0.0100897144012,0.994214788608,20.991,22.837,1.524
187,13.6142444611,18.6548347473,1.36297035217,-0.0242722880517,0.104144168389,0.0100897144012,0.994214788608,20.991,22.837,1.524
188,13.780002594,18.6438007355,1.37200760841,-0.0251954081663,0.103149100444,0.00722043726067,0.994320531705,20.991,22.837,1.524
189,13.780002594,18.6438007355,1.37200760841,-0.0251954081663,0.103149100444,0.00722043726067,0.994320531705,20.991,22.837,1.524
190,13.9385118484,18.672208786,1.38259065151,-0.0253202522981,0.103314825282,0.00328491143719,0.994320944694,20.991,22.837,1.524
191,14.0958194733,18.6788597107,1.38998413086,-0.024122996088,0.103455711391,0.000998288693492,0.994340987921,20.991,22.837,1.524
192,14.0958194733,18.6788597107,1.38998413086,-0.024122996088,0.103455711391,0.000998288693492,0.994340987921,20.991,22.837,1.524
193,14.2205533981,18.7104053497,1.41066718102,-0.0218885259368,0.104435047385,-0.00178917665602,0.994289199457,20.991,22.837,1.524
194,14.346154213,18.6916103363,1.3932441473,-0.0209073878824,0.104056191757,-0.00416089224732,0.994342937353,20.991,22.837,1.524
195,14.346154213,18.6916103363,1.3932441473,-0.0209073878824,0.104056191757,-0.00416089224732,0.994342937353,20.991,22.837,1.524
196,14.4475870132,18.7003421783,1.41793751717,-0.0189059039989,0.104395441434,-0.00594212508758,0.994338398007,20.991,22.837,1.524
197,14.5215101242,18.7143154144,1.41140449047,-0.0185326337573,0.103446361977,-0.00744830863442,0.994434469625,20.991,22.837,1.524
198,14.5215101242,18.7143154144,1.41140449047,-0.0185326337573,0.103446361977,-0.00744830863442,0.994434469625,20.991,22.837,1.524
199,14.623087883,18.7138290405,1.42659902573,-0.0181626509557,0.103153178589,-0.00897047093937,0.994459184938,20.991,22.837,1.524
200,14.6881027222,18.7133235931,1.42730593681,-0.0184148300791,0.102631764036,-0.00998944932065,0.994498781269,20.991,22.837,1.524
201,14.6881027222,18.7133235931,1.42730593681,-0.0184148300791,0.102631764036,-0.00998944932065,0.994498781269,20.991,22.837,1.524
202,14.7516727448,18.7360553741,1.43148708344,-0.0179920489542,0.102781696701,-0.0109639560529,0.994480769379,20.991,22.837,1.524
203,14.7516727448,18.7360553741,1.43148708344,-0.0179920489542,0.102781696701,-0.0109639560529,0.994480769379,20.991,22.837,1.524
204,14.7919368744,18.7171287537,1.44221663475,-0.0178261307034,0.103116663616,-0.0123577433525,0.994432737257,20.991,22.837,1.524
205,14.82035923,18.7196769714,1.43306291103,-0.0182821782255,0.102558623214,-0.0125595675916,0.994479636808,20.991,22.837,1.524
206,14.82035923,18.7196769714,1.43306291103,-0.0182821782255,0.102558623214,-0.0125595675916,0.994479636808,20.991,22.837,1.524
207,14.8119354248,18.7169857025,1.43051981926,-0.0182502714802,0.102684548237,-0.0127252391328,0.994465122281,20.991,22.837,1.524
208,14.8353176117,18.7090549469,1.42931127548,-0.0184428023313,0.102262510341,-0.0129536443386,0.994502109158,20.991,22.837,1.524
209,14.8353176117,18.7090549469,1.42931127548,-0.0184428023313,0.102262510341,-0.0129536443386,0.994502109158,20.991,22.837,1.524
210,14.8329696655,18.712852478,1.44295334816,-0.0179629768225,0.102272082772,-0.0130586437614,0.994508534087,20.991,22.837,1.524
211,14.8385972977,18.7259941101,1.4339120388,-0.0184766824575,0.100824207925,-0.0130407571591,0.994647188683,20.991,22.837,1.524
212,14.8385972977,18.7259941101,1.4339120388,-0.0184766824575,0.100824207925,-0.0130407571591,0.994647188683,20.991,22.837,1.524
213,14.8385810852,18.7228279114,1.44637227058,-0.0178732542359,0.101337935381,-0.0129764514806,0.994606847625,20.991,22.837,1.524
214,14.8385810852,18.7228279114,1.44637227058,-0.0178732542359,0.101337935381,-0.0129764514806,0.994606847625,20.991,22.837,1.524
215,14.8356981277,18.7072563171,1.43705296516,-0.0181625486688,0.100935592735,-0.0131802512177,0.994639838797,20.991,22.837,1.524
216,14.8322439194,18.717590332,1.43986415863,-0.0184134465787,0.101316428634,-0.012886556503,0.994600353376,20.991,22.837,1.524
217,14.8322439194,18.717590332,1.43986415863,-0.0184134465787,0.101316428634,-0.012886556503,0.994600353376,20.991,22.837,1.524
218,14.8337144852,18.7191867828,1.44685125351,-0.0178506863991,0.101296927133,-0.0132588620684,0.994607705643,20.991,22.837,1.524
219,14.8393516541,18.7066574097,1.43587315083,-0.0186774780576,0.101124214581,-0.0128100442456,0.994615980067,20.991,22.837,1.524
220,14.8393516541,18.7066574097,1.43587315083,-0.0186774780576,0.101124214581,-0.0128100442456,0.994615980067,20.991,22.837,1.524
221,14.8323802948,18.7165088654,1.43223690987,-0.0184769919794,0.100999973356,-0.0134167397868,0.994624349814,20.991,22.837,1.524
222,14.8323802948,18.7165088654,1.43223690987,-0.0184769919794,0.100999973356,-0.0134167397868,0.994624349814,20.991,22.837,1.524
223,14.8329401016,18.7014122009,1.4358215332,-0.0182801837783,0.100897881513,-0.0127019297756,0.994647733304,20.991,22.837,1.524
224,14.8458156586,18.7103004456,1.44323027134,-0.0181191026726,0.101321107795,-0.0132090339819,0.994601052008,20.991,22.837,1.524
225,14.8458156586,18.7103004456,1.44323027134,-0.0181191026726,0.101321107795,-0.0132090339819,0.994601052008,20.991,22.837,1.524
226,14.8396015167,18.7111358643,1.43700587749,-0.0183859152315,0.101082685432,-0.0129705600357,0.994623553612,20.991,22.837,1.524
227,14.8128128052,18.7101707458,1.43118786812,-0.0179681849581,0.101729659885,-0.0125942234786,0.994570060963,20.991,22.837,1.524
228,14.8128128052,18.7101707458,1.43118786812,-0.0179681849581,0.101729659885,-0.0125942234786,0.994570060963,20.991,22.837,1.524
229,14.8083047867,18.7096977234,1.43583667278,-0.0182311189392,0.101339612485,-0.0128712292017,0.994601548713,20.991,22.837,1.524
230,14.8039894104,18.7212162018,1.433604002,-0.0182881439522,0.100933050102,-0.0123572355256,0.994648360939,20.991,22.837,1.524
231,14.8039894104,18.7212162018,1.433604002,-0.0182881439522,0.100933050102,-0.0123572355256,0.994648360939,20.991,22.837,1.524
232,14.7777442932,18.7123680115,1.43559575081,-0.0179499440507,0.101733973446,-0.0120652751015,0.994576506505,20.991,22.837,1.524
233,14.7447500229,18.7139434814,1.42447578907,-0.0184624050424,0.101773525053,-0.0109284478119,0.994576220421,20.991,22.837,1.524
234,14.7447500229,18.7139434814,1.42447578907,-0.0184624050424,0.101773525053,-0.0109284478119,0.994576220421,20.991,22.837,1.524
235,14.703540802,18.7069759369,1.42311692238,-0.0183567694895,0.101887418964,-0.0107649876406,0.994568297259,20.991,22.837,1.524
236,14.703540802,18.7069759369,1.42311692238,-0.0183567694895,0.101887418964,-0.0107649876406,0.994568297259,20.991,22.837,1.524
237,14.6736059189,18.7134494781,1.42645680904,-0.0184448810219,0.102041354512,-0.00945434784149,0.994564207902,20.991,22.837,1.524
238,14.6117639542,18.702173233,1.41789841652,-0.0184764082832,0.102262544966,-0.00898810189124,0.994545226854,20.991,22.837,1.524
239,14.6117639542,18.702173233,1.41789841652,-0.0184764082832,0.102262544966,-0.00898810189124,0.994545226854,20.991,22.837,1.524
240,14.5572853088,18.7179431915,1.41446304321,-0.0185367993852,0.102248482544,-0.00791747344143,0.994554648323,20.991,22.837,1.524
241,14.5082817078,18.7060337067,1.40537917614,-0.0189894056953,0.102277037436,-0.00700833350506,0.994549995398,20.991,22.837,1.524
242,14.5082817078,18.7060337067,1.40537917614,-0.0189894056953,0.102277037436,-0.00700833350506,0.994549995398,20.991,22.837,1.524
243,14.4479103088,18.7136058807,1.41202068329,-0.0189122151695,0.103036097691,-0.00625354939743,0.994478146472,20.991,22.837,1.524
244,14.3763713837,18.6949901581,1.38896942139,-0.0203329422444,0.102481151413,-0.0047940001167,0.994515561782,20.991,22.837,1.524
245,14.3763713837,18.6949901581,1.38896942139,-0.0203329422444,0.102481151413,-0.0047940001167,0.994515561782,20.991,22.837,1.524
246,14.2943372726,18.7006397247,1.38927292824,-0.0212035256398,0.103127359121,-0.00297964476115,0.994437670253,20.991,22.837,1.524
247,14.2943372726,18.7006397247,1.38927292824,-0.0212035256398,0.103127359121,-0.00297964476115,0.994437670253,20.991,22.837,1.524
248,14.2333040237,18.712562561,1.38743770123,-0.0217623967652,0.10345997155,-0.00210026996375,0.994393293039,20.991,22.837,1.524
249,14.1469306946,18.6960811615,1.39812099934,-0.0227126470448,0.103061124273,-0.000347470632836,0.99441561713,20.991,22.837,1.524
250,14.1469306946,18.6960811615,1.39812099934,-0.0227126470448,0.103061124273,-0.000347470632836,0.99441561713,20.991,22.837,1.524
251,14.0591545105,18.7017784119,1.39931416512,-0.0234844227779,0.103609479102,0.00117396390308,0.994340072377,20.991,22.837,1.524
252,13.9563789368,18.696811676,1.38451004028,-0.0241664185266,0.103744147291,0.00343475199101,0.994304449652,20.991,22.837,1.524
253,13.9563789368,18.696811676,1.38451004028,-0.0241664185266,0.103744147291,0.00343475199101,0.994304449652,20.991,22.837,1.524
254,13.864575386,18.7002391815,1.37799525261,-0.0243086781096,0.103492546723,0.00573868267175,0.994316573563,20.991,22.837,1.524
255,13.864575386,18.7002391815,1.37799525261,-0.0243086781096,0.103492546723,0.00573868267175,0.994316573563,20.991,22.837,1.524
256,13.7682409286,18.6809101105,1.36482870579,-0.0248363225582,0.103415296394,0.00757214462212,0.994299299094,20.991,22.837,1.524
257,13.6759223938,18.6799850464,1.3749601841,-0.0244467861374,0.104162963605,0.0095151475604,0.994214209126,20.991,22.837,1.524
258,13.6759223938,18.6799850464,1.3749601841,-0.0244467861374,0.104162963605,0.0095151475604,0.994214209126,20.991,22.837,1.524
259,13.576499939,18.6611671448,1.36879062653,-0.0243452249586,0.104338423512,0.0130633996685,0.994158011078,20.991,22.837,1.524
260,13.4544649124,18.6483364105,1.36176240444,-0.0240907528582,0.10473594163,0.0143749552168,0.994104309829,20.991,22.837,1.524
261,13.4544649124,18.6483364105,1.36176240444,-0.0240907528582,0.10473594163,0.0143749552168,0.994104309829,20.991,22.837,1.524
262,13.348405838,18.6417140961,1.35051035881,-0.0236773706445,0.104832261699,0.0176798720318,0.99405080411,20.991,22.837,1.524
263,13.2594432831,18.6307678223,1.34167432785,-0.0236175202014,0.104963854025,0.0199188110204,0.993995997505,20.991,22.837,1.524
264,13.2594432831,18.6307678223,1.34167432785,-0.0236175202014,0.104963854025,0.0199188110204,0.993995997505,20.991,22.837,1.524
265,13.1146526337,18.593919754,1.33562994003,-0.0237818409601,0.105335592577,0.023072011959,0.993884560319,20.991,22.837,1.524
266,13.0048179626,18.6062145233,1.33564424515,-0.0246991101415,0.104897634938,0.0254302509781,0.993850965929,20.991,22.837,1.524
267,13.0048179626,18.6062145233,1.33564424515,-0.0246991101415,0.104897634938,0.0254302509781,0.993850965929,20.991,22.837,1.524
268,12.9019107819,18.5893707275,1.32414102554,-0.0258437150384,0.104710234599,0.0283144523783,0.993763634347,20.991,22.837,1.524
269,12.9019107819,18.5893707275,1.32414102554,-0.0258437150384,0.104710234599,0.0283144523783,0.993763634347,20.991,22.837,1.524
270,12.7833805084,18.5897712708,1.31788706779,-0.0259338580196,0.104871852893,0.0303221548252,0.993685008645,20.991,22.837,1.524
271,12.6768045425,18.5572376251,1.31057596207,-0.0262440804884,0.104124477067,0.0334993561799,0.993653427836,20.991,22.837,1.524
272,12.6768045425,18.5572376251,1.31057596207,-0.0262440804884,0.104124477067,0.0334993561799,0.993653427836,20.991,22.837,1.524
273,12.5695552826,18.5666065216,1.30429136753,-0.0275702456335,0.104081971163,0.0353675303901,0.99355722665,20.991,22.837,1.524
274,12.4695539474,18.5704441071,1.29150879383,-0.0287887405867,0.102577238066,0.0383088813325,0.993570102337,20.991,22.837,1.524
275,12.4695539474,18.5704441071,1.29150879383,-0.0287887405867,0.102577238066,0.0383088813325,0.993570102337,20.991,22.837,1.524
276,12.3256635666,18.5641841888,1.28394269943,-0.0300939694184,0.102000278466,0.0411180716133,0.993478535442,20.991,22.837,1.524
277,12.3256635666,18.5641841888,1.28394269943,-0.0300939694184,0.102000278466,0.0411180716133,0.993478535442,20.991,22.837,1.524
278,12.2243318558,18.5449371338,1.26108384132,-0.0311962167912,0.101456773506,0.0434118432972,0.993402602689,20.991,22.837,1.524
279,12.1108236313,18.5299167633,1.24005055428,-0.0336884917826,0.0999920712652,0.0463559166697,0.993336700316,20.991,22.837,1.524
280,12.1108236313,18.5299167633,1.24005055428,-0.0336884917826,0.0999920712652,0.0463559166697,0.993336700316,20.991,22.837,1.524
281,12.0019111633,18.504699707,1.23936462402,-0.0340716839784,0.100420390761,0.0489625580675,0.993155342017,20.991,22.837,1.524
282,11.8279237747,18.4806785583,1.21220040321,-0.0356325936967,0.0998422628134,0.0515177688875,0.993029586826,20.991,22.837,1.524
283,11.8279237747,18.4806785583,1.21220040321,-0.0356325936967,0.0998422628134,0.0515177688875,0.993029586826,20.991,22.837,1.524
284,11.7090873718,18.4677696228,1.21155571938,-0.0366631099207,0.0986597439967,0.0543642999225,0.992958505769,20.991,22.837,1.524
285,11.5763721466,18.4507026672,1.20552766323,-0.036059484979,0.09924372427,0.0574703659237,0.992747477346,20.991,22.837,1.524
286,11.5763721466,18.4507026672,1.20552766323,-0.036059484979,0.09924372427,0.0574703659237,0.992747477346,20.991,22.837,1.524
287,11.4508953094,18.439453125,1.20374751091,-0.0362780132942,0.100320055227,0.0609723882634,0.992422369831,20.991,22.837,1.524
288,11.3404941559,18.4078941345,1.17261254787,-0.0375091371698,0.099782601717,0.0635705046954,0.992267750134,20.991,22.837,1.524
289,11.3404941559,18.4078941345,1.17261254787,-0.0375091371698,0.099782601717,0.0635705046954,0.992267750134,20.991,22.837,1.524
290,11.2481365204,18.3899040222,1.18361592293,-0.0377573381467,0.0999655460652,0.0658931112821,0.992088388654,20.991,22.837,1.524
291,11.2481365204,18.3899040222,1.18361592293,-0.0377573381467,0.0999655460652,0.0658931112821,0.992088388654,20.991,22.837,1.524
292,11.1254396439,18.3583221436,1.17136406898,-0.0373089107352,0.100436068789,0.0689058768864,0.991853124911,20.991,22.837,1.524
293,10.9744205475,18.3359565735,1.15649831295,-0.0369554278694,0.100938318256,0.0717945853238,0.991610452636,20.991,22.837,1.524
294,10.9744205475,18.3359565735,1.15649831295,-0.0369554278694,0.100938318256,0.0717945853238,0.991610452636,20.991,22.837,1.524
295,10.8677425385,18.3163032532,1.16762888432,-0.0356279274948,0.101240195054,0.0747531500339,0.991409622834,20.991,22.837,1.524
296,10.7803382874,18.2930030823,1.16323769093,-0.0356050968848,0.101302183217,0.0767209140311,0.991253774823,20.991,22.837,1.524
297,10.7803382874,18.2930030823,1.16323769093,-0.0356050968848,0.101302183217,0.0767209140311,0.991253774823,20.991,22.837,1.524
298,10.7803382874,18.2930030823,1.16323769093,-0.0356050968848,0.101302183217,0.0767209140311,0.991253774823,20.991,22.837,1.524
299,10.6276931763,18.2564182281,1.16385674477,-0.0360585935633,0.101554291879,0.0799253515776,0.990958345142,20.991,22.837,1.524
300,10.512345314,18.2372341156,1.15274238586,-0.0360971322472,0.100980632433,0.0825896893274,0.990797079191,20.991,22.837,1.524
301,10.4102525711,18.2139415741,1.1395021677,-0.0361411219825,0.100930057827,0.0840948086797,0.990674015952,20.991,22.837,1.524
302,10.4102525711,18.2139415741,1.1395021677,-0.0361411219825,0.100930057827,0.0840948086797,0.990674015952,20.991,22.837,1.524
303,10.2914733887,18.1727027893,1.13591432571,-0.0360341983501,0.100895721683,0.0867807893881,0.990449738497,20.991,22.837,1.524
304,10.1744213104,18.1544055939,1.14980506897,-0.0347228152799,0.101156958361,0.0889674148005,0.99027591861,20.991,22.837,1.524
305,10.1744213104,18.1544055939,1.14980506897,-0.0347228152799,0.101156958361,0.0889674148005,0.99027591861,20.991,22.837,1.524
306,10.0888671875,18.1237564087,1.12885951996,-0.0355390757536,0.100923510747,0.0903464930853,0.990145913621,20.991,22.837,1.524
307,9.98925209045,18.1243934631,1.11959755421,-0.0360506178487,0.100836667442,0.092256119362,0.989960164801,20.991,22.837,1.524
308,9.98925209045,18.1243934631,1.11959755421,-0.0360506178487,0.100836667442,0.092256119362,0.989960164801,20.991,22.837,1.524
309,9.90786552429,18.1102657318,1.11963963509,-0.036448070611,0.100310726985,0.0932896458549,0.989902186166,20.991,22.837,1.524
310,9.8242559433,18.0846042633,1.0927772522,-0.0380071518395,0.0995095724427,0.0945912596418,0.989800886543,20.991,22.837,1.524
311,9.8242559433,18.0846042633,1.0927772522,-0.0380071518395,0.0995095724427,0.0945912596418,0.989800886543,20.991,22.837,1.524
312,9.74603939056,18.0755367279,1.07625508308,-0.0397145928835,0.0996851031212,0.0955679859308,0.989622347865,20.991,22.837,1.524
313,9.68534851074,18.065071106,1.08230280876,-0.0396371211645,0.100132499782,0.0956922324007,0.989568278479,20.991,22.837,1.524
314,9.68534851074,18.065071106,1.08230280876,-0.0396371211645,0.100132499782,0.0956922324007,0.989568278479,20.991,22.837,1.524
315,9.68534851074,18.065071106,1.08230280876,-0.0396371211645,0.100132499782,0.0956922324007,0.989568278479,20.991,22.837,1.524
316,9.60978412628,18.0344848633,1.0744497776,-0.0408167384961,0.100506068796,0.0964646373047,0.989407447791,20.991,22.837,1.524
317,9.53502655029,18.0438232422,1.07764112949,-0.0418186521039,0.101403309465,0.096672738081,0.989253734326,20.991,22.837,1.524
318,9.47324562073,18.0142173767,1.05939865112,-0.042539538414,0.101358116263,0.0970839661242,0.989187355085,20.991,22.837,1.524
319,9.47324562073,18.0142173767,1.05939865112,-0.042539538414,0.101358116263,0.0970839661242,0.989187355085,20.991,22.837,1.524
320,9.41079711914,18.0023498535,1.07998251915,-0.0424821736076,0.102932972123,0.0974379063554,0.988992377413,20.991,22.837,1.524
321,9.31995773315,17.9951095581,1.07170879841,-0.0429845816082,0.102339121294,0.0979453679138,0.988982171174,20.991,22.837,1.524
322,9.31995773315,17.9951095581,1.07170879841,-0.0429845816082,0.102339121294,0.0979453679138,0.988982171174,20.991,22.837,1.524
323,9.23860645294,17.9649276733,1.07930457592,-0.0440807179003,0.102760633175,0.0983329341597,0.988851746542,20.991,22.837,1.524
324,9.23860645294,17.9649276733,1.07930457592,-0.0440807179003,0.102760633175,0.0983329341597,0.988851746542,20.991,22.837,1.524
325,9.1644411087,17.949016571,1.06425631046,-0.0456791226974,0.102918785286,0.0988972691743,0.988706463787,20.991,22.837,1.524
326,9.1644411087,17.949016571,1.06425631046,-0.0456791226974,0.102918785286,0.0988972691743,0.988706463787,20.991,22.837,1.524
327,9.0925655365,17.9254436493,1.05317759514,-0.0461824168192,0.103407696338,0.0980232624617,0.988719107093,20.991,22.837,1.524
328,9.00459003448,17.8985805511,1.03086030483,-0.0461635142878,0.102860052078,0.0994941622591,0.988630189359,20.991,22.837,1.524
329,8.94253921509,17.884853363,1.02696704865,-0.0453237593453,0.102317259114,0.100244807089,0.988649540524,20.991,22.837,1.524
330,8.94253921509,17.884853363,1.02696704865,-0.0453237593453,0.102317259114,0.100244807089,0.988649540524,20.991,22.837,1.524
331,8.86142444611,17.8588523865,1.02573609352,-0.0454190276176,0.102555821443,0.0999691443541,0.988648362966,20.991,22.837,1.524
332,8.79893302917,17.8505401611,1.02218723297,-0.0451557407516,0.102383210675,0.101122780498,0.988560984721,20.991,22.837,1.524
333,8.79893302917,17.8505401611,1.02218723297,-0.0451557407516,0.102383210675,0.101122780498,0.988560984721,20.991,22.837,1.524
334,8.71573829651,17.8292617798,1.01951694489,-0.0448644432016,0.102100988382,0.101363096267,0.988578824689,20.991,22.837,1.524
335,8.71573829651,17.8292617798,1.01951694489,-0.0448644432016,0.102100988382,0.101363096267,0.988578824689,20.991,22.837,1.524
336,8.66796302795,17.8139133453,1.01809430122,-0.0443605583865,0.10205280551,0.101601170983,0.988582099677,20.991,22.837,1.524
337,8.59840774536,17.8118610382,1.01314425468,-0.0439485936252,0.101822477906,0.102132044329,0.988569547191,20.991,22.837,1.524
338,8.59840774536,17.8118610382,1.01314425468,-0.0439485936252,0.101822477906,0.102132044329,0.988569547191,20.991,22.837,1.524
339,8.51535606384,17.7867221832,1.0019146204,-0.0438003985337,0.101522162387,0.102261547152,0.988593623086,20.991,22.837,1.524
340,8.47381019592,17.7658538818,0.998856544495,-0.0432613365123,0.101521493487,0.102934129911,0.988547625571,20.991,22.837,1.524
341,8.47381019592,17.7658538818,0.998856544495,-0.0432613365123,0.101521493487,0.102934129911,0.988547625571,20.991,22.837,1.524
342,8.39037704468,17.7523651123,0.990338921547,-0.0432575189834,0.101797368023,0.102542852523,0.988560087355,20.991,22.837,1.524
343,8.39037704468,17.7523651123,0.990338921547,-0.0432575189834,0.101797368023,0.102542852523,0.988560087355,20.991,22.837,1.524
344,8.28682327271,17.724395752,0.993786096573,-0.0425109834028,0.101953322433,0.10365772423,0.988460121878,20.991,22.837,1.524
345,8.28682327271,17.724395752,0.993786096573,-0.0425109834028,0.101953322433,0.10365772423,0.988460121878,20.991,22.837,1.524
346,8.2277803421,17.6908454895,0.983969211578,-0.0429779693312,0.101799701413,0.104216466543,0.988397006797,20.991,22.837,1.524
347,8.1503868103,17.6801776886,0.978432655334,-0.0429981051335,0.101387384538,0.104340024757,0.988425475413,20.991,22.837,1.524
348,8.1503868103,17.6801776886,0.978432655334,-0.0429981051335,0.101387384538,0.104340024757,0.988425475413,20.991,22.837,1.524
349,8.06866550446,17.64361763,0.980681180954,-0.0427887713639,0.101664945397,0.105895639117,0.988240594966,20.991,22.837,1.524
350,8.01655960083,17.6388187408,0.987448573112,-0.0415313933011,0.101831156713,0.105659170203,0.988302432783,20.991,22.837,1.524
351,7.92087650299,17.6145839691,0.971311092377,-0.0418922872367,0.101314024667,0.105908457759,0.988313666429,20.991,22.837,1.524
352,7.92087650299,17.6145839691,0.971311092377,-0.0418922872367,0.101314024667,0.105908457759,0.988313666429,20.991,22.837,1.524
353,7.85717964172,17.594701767,0.969637155533,-0.0418788366179,0.101455532766,0.106496586753,0.988236517704,20.991,22.837,1.524
354,7.75485610962,17.5669517517,0.961084842682,-0.0418730329471,0.101686824009,0.106916195035,0.988167681203,20.991,22.837,1.524
355,7.75485610962,17.5669517517,0.961084842682,-0.0418730329471,0.101686824009,0.106916195035,0.988167681203,20.991,22.837,1.524
356,7.68663930893,17.5514373779,0.962258577347,-0.0413645392323,0.101742294923,0.106866705324,0.988188740885,20.991,22.837,1.524
357,7.68663930893,17.5514373779,0.962258577347,-0.0413645392323,0.101742294923,0.106866705324,0.988188740885,20.991,22.837,1.524
358,7.60374450684,17.5350532532,0.96814095974,-0.0411601606988,0.101871731229,0.107077292539,0.98816114322,20.991,22.837,1.524
359,7.49085760117,17.5183734894,0.966195821762,-0.0407927282538,0.102165235752,0.10718712579,0.988134170035,20.991,22.837,1.524
360,7.49085760117,17.5183734894,0.966195821762,-0.0407927282538,0.102165235752,0.10718712579,0.988134170035,20.991,22.837,1.524
361,7.41499900818,17.501909256,0.96425974369,-0.0406849950751,0.101877053775,0.107394996896,0.988145794775,20.991,22.837,1.524
362,7.3588848114,17.4715862274,0.963011741638,-0.0403137611884,0.101917212615,0.107769970399,0.988116043748,20.991,22.837,1.524
363,7.3588848114,17.4715862274,0.963011741638,-0.0403137611884,0.101917212615,0.107769970399,0.988116043748,20.991,22.837,1.524
364,7.28209877014,17.4618682861,0.936183571815,-0.041371873307,0.101150246448,0.108082438238,0.988116988158,20.991,22.837,1.524
365,7.28209877014,17.4618682861,0.936183571815,-0.041371873307,0.101150246448,0.108082438238,0.988116988158,20.991,22.837,1.524
366,7.19231033325,17.4297466278,0.948802828789,-0.0406570004619,0.101916170961,0.108661223442,0.988004474145,20.991,22.837,1.524
367,7.12473678589,17.4390869141,0.931727409363,-0.041145187693,0.101180734931,0.108725912175,0.988052735652,20.991,22.837,1.524
368,7.12473678589,17.4390869141,0.931727409363,-0.041145187693,0.101180734931,0.108725912175,0.988052735652,20.991,22.837,1.524
369,7.05540752411,17.4001274109,0.93106675148,-0.0419627427295,0.101452741001,0.108884800985,0.987972959995,20.991,22.837,1.524
370,6.97860622406,17.3845825195,0.914242863655,-0.042735489167,0.101556296784,0.108520915446,0.987969234065,20.991,22.837,1.524
371,6.97860622406,17.3845825195,0.914242863655,-0.042735489167,0.101556296784,0.108520915446,0.987969234065,20.991,22.837,1.524
372,6.88731479645,17.3578300476,0.902419686317,-0.0434530796238,0.101266538186,0.10894224761,0.987921304964,20.991,22.837,1.524
373,6.74262094498,17.3071403503,0.877035737038,-0.0443943894474,0.100732110542,0.109177937999,0.987908071607,20.991,22.837,1.524
374,6.74262094498,17.3071403503,0.877035737038,-0.0443943894474,0.100732110542,0.109177937999,0.987908071607,20.991,22.837,1.524
375,6.64380836487,17.2963943481,0.873521089554,-0.0445470333307,0.100896810194,0.109420214498,0.98785758699,20.991,22.837,1.524
376,6.64380836487,17.2963943481,0.873521089554,-0.0445470333307,0.100896810194,0.109420214498,0.98785758699,20.991,22.837,1.524
377,6.57499790192,17.2706947327,0.873341321945,-0.0441694819306,0.101316476599,0.109252371771,0.987850164599,20.991,22.837,1.524
378,6.49099063873,17.2626285553,0.854025602341,-0.0444983539804,0.10044297116,0.109748437032,0.987869620247,20.991,22.837,1.524
379,6.49099063873,17.2626285553,0.854025602341,-0.0444983539804,0.10044297116,0.109748437032,0.987869620247,20.991,22.837,1.524
380,6.41214179993,17.2438163757,0.872418642044,-0.0435070314478,0.101806390682,0.109904192869,0.987756885787,20.991,22.837,1.524
381,6.41214179993,17.2438163757,0.872418642044,-0.0435070314478,0.101806390682,0.109904192869,0.987756885787,20.991,22.837,1.524
382,6.30110502243,17.2066440582,0.864109516144,-0.0437267984322,0.101318760524,0.110600042294,0.987719649754,20.991,22.837,1.524
383,6.30110502243,17.2066440582,0.864109516144,-0.0437267984322,0.101318760524,0.110600042294,0.987719649754,20.991,22.837,1.524
384,6.20151615143,17.1923370361,0.865825533867,-0.0436205435075,0.101801319942,0.110750248283,0.987657897223,20.991,22.837,1.524
385,6.12458992004,17.1772708893,0.844566106796,-0.0437931140361,0.100931030403,0.110812179646,0.987732631387,20.991,22.837,1.524
386,6.12458992004,17.1772708893,0.844566106796,-0.0437931140361,0.100931030403,0.110812179646,0.987732631387,20.991,22.837,1.524
387,6.03876876831,17.1319408417,0.848432898521,-0.0433832202201,0.101405022249,0.11116906513,0.987662066005,20.991,22.837,1.524
388,5.91584444046,17.0978870392,0.847110033035,-0.0431447805576,0.10165544377,0.111850230546,0.987569858081,20.991,22.837,1.524
389,5.91584444046,17.0978870392,0.847110033035,-0.0431447805576,0.10165544377,0.111850230546,0.987569858081,20.991,22.837,1.524
390,5.82272052765,17.1014442444,0.824676990509,-0.0426960563802,0.100978428454,0.111889733178,0.987654337998,20.991,22.837,1.524
391,5.69851160049,17.0525550842,0.827604651451,-0.0419896496173,0.101882421834,0.112354784851,0.987538983417,20.991,22.837,1.524
392,5.69851160049,17.0525550842,0.827604651451,-0.0419896496173,0.101882421834,0.112354784851,0.987538983417,20.991,22.837,1.524
393,5.60307407379,17.0476112366,0.82863509655,-0.0409730315063,0.102025125806,0.112827062778,0.987513107912,20.991,22.837,1.524
394,5.60307407379,17.0476112366,0.82863509655,-0.0409730315063,0.102025125806,0.112827062778,0.987513107912,20.991,22.837,1.524
395,5.49641036987,17.0143260956,0.830826282501,-0.0406713610122,0.10153888815,0.112827367461,0.987575657729,20.991,22.837,1.524
396,5.39349269867,17.0041809082,0.81926214695,-0.0410522434801,0.101681554658,0.114207984042,0.987386505442,20.991,22.837,1.524
397,5.32483673096,16.9669055939,0.830193519592,-0.0405280017821,0.101210830333,0.113596641219,0.987527038617,20.991,22.837,1.524
398,5.32483673096,16.9669055939,0.830193519592,-0.0405280017821,0.101210830333,0.113596641219,0.987527038617,20.991,22.837,1.524
399,5.22813892365,16.9349479675,0.828049302101,-0.04023392029,0.101664844252,0.11414422825,0.987429281649,20.991,22.837,1.524
400,5.22813892365,16.9349479675,0.828049302101,-0.04023392029,0.101664844252,0.11414422825,0.987429281649,20.991,22.837,1.524
401,5.14432764053,16.9051151276,0.798585653305,-0.0402118652091,0.100391349258,0.115096752526,0.987449907817,20.991,22.837,1.524
402,5.06163263321,16.8951702118,0.801806807518,-0.0397729783962,0.10091941635,0.115458445104,0.987371626616,20.991,22.837,1.524
403,5.06163263321,16.8951702118,0.801806807518,-0.0397729783962,0.10091941635,0.115458445104,0.987371626616,20.991,22.837,1.524
404,4.99051046371,16.857175827,0.782167673111,-0.0399243696474,0.100478300398,0.115288351361,0.987430378254,20.991,22.837,1.524
405,4.93594551086,16.8514041901,0.783325195312,-0.0399571535407,0.100297177178,0.115185518435,0.98745946675,20.991,22.837,1.524
406,4.93594551086,16.8514041901,0.783325195312,-0.0399571535407,0.100297177178,0.115185518435,0.98745946675,20.991,22.837,1.524
407,4.87718009949,16.8215656281,0.769740104675,-0.0407137029523,0.100550599336,0.115345069005,0.987384163546,20.991,22.837,1.524
408,4.87718009949,16.8215656281,0.769740104675,-0.0407137029523,0.100550599336,0.115345069005,0.987384163546,20.991,22.837,1.524
409,4.80341911316,16.813123703,0.77943789959,-0.0405568984903,0.100623619906,0.115959297568,0.987311230772,20.991,22.837,1.524
410,4.75698518753,16.8035373688,0.773378372192,-0.0406733704052,0.100368629334,0.115537669831,0.987381821807,20.991,22.837,1.524
411,4.75698518753,16.8035373688,0.773378372192,-0.0406733704052,0.100368629334,0.115537669831,0.987381821807,20.991,22.837,1.524
412,4.72276496887,16.8047885895,0.772894740105,-0.0407447553593,0.100254725693,0.116394073877,0.987289863441,20.991,22.837,1.524
413,4.67377614975,16.7887001038,0.756112217903,-0.0411326150136,0.0997603149365,0.115943122766,0.987376918825,20.991,22.837,1.524
414,4.67377614975,16.7887001038,0.756112217903,-0.0411326150136,0.0997603149365,0.115943122766,0.987376918825,20.991,22.837,1.524
415,4.65983390808,16.7763004303,0.76480281353,-0.0410079370186,0.100250675182,0.116204065926,0.987301760501,20.991,22.837,1.524
416,4.62087440491,16.7842960358,0.756078720093,-0.0409928466076,0.100039880313,0.116224211132,0.987321397328,20.991,22.837,1.524
417,4.62087440491,16.7842960358,0.756078720093,-0.0409928466076,0.100039880313,0.116224211132,0.987321397328,20.991,22.837,1.524
418,4.6127448082,16.7838916779,0.753669857979,-0.0408586060866,0.0997414739907,0.115924746379,0.98739235659,20.991,22.837,1.524
419,4.6127448082,16.7838916779,0.753669857979,-0.0408586060866,0.0997414739907,0.115924746379,0.98739235659,20.991,22.837,1.524
420,4.59048891068,16.7656459808,0.762673854828,-0.0407182305208,0.100493281261,0.116410413924,0.987264777886,20.991,22.837,1.524
421,4.6020617485,16.7625045776,0.747434854507,-0.0413053283834,0.0995774297033,0.115899981287,0.987393234572,20.991,22.837,1.524
422,4.6020617485,16.7625045776,0.747434854507,-0.0413053283834,0.0995774297033,0.115899981287,0.987393234572,20.991,22.837,1.524
423,4.60273647308,16.763715744,0.7528642416,-0.0409559175096,0.0999643733077,0.11628159512,0.987323821006,20.991,22.837,1.524
424,4.58448457718,16.7588882446,0.745198965073,-0.0413522012817,0.0999520027227,0.116065635744,0.987333966194,20.991,22.837,1.524
425,4.58448457718,16.7588882446,0.745198965073,-0.0413522012817,0.0999520027227,0.116065635744,0.987333966194,20.991,22.837,1.524
426,4.60332870483,16.7718524933,0.758298158646,-0.0406140962226,0.100203598148,0.115781377784,0.987372476153,20.991,22.837,1.524
427,4.59602975845,16.7625751495,0.757756590843,-0.0407486558031,0.100461705071,0.116274940584,0.987282700677,20.991,22.837,1.524
428,4.59602975845,16.7625751495,0.757756590843,-0.0407486558031,0.100461705071,0.116274940584,0.987282700677,20.991,22.837,1.524
429,4.59930992126,16.7722110748,0.754299163818,-0.0407351747276,0.100168674936,0.116116977047,0.987331620958,20.991,22.837,1.524
430,4.59930992126,16.7722110748,0.754299163818,-0.0407351747276,0.100168674936,0.116116977047,0.987331620958,20.991,22.837,1.524
431,4.58622312546,16.7615871429,0.75433576107,-0.040881192247,0.100161704842,0.116438878851,0.987288381627,20.991,22.837,1.524
432,4.59458732605,16.7713127136,0.75673687458,-0.0409099904443,0.100468857751,0.115947963292,0.987313755152,20.991,22.837,1.524
433,4.59458732605,16.7713127136,0.75673687458,-0.0409099904443,0.100468857751,0.115947963292,0.987313755152,20.991,22.837,1.524
434,4.58729028702,16.7672348022,0.753266572952,-0.0406974029661,0.0999784882296,0.11638566725,0.987320819056,20.991,22.837,1.524
435,4.58729028702,16.7672348022,0.753266572952,-0.0406974029661,0.0999784882296,0.11638566725,0.987320819056,20.991,22.837,1.524
436,4.59172010422,16.7779579163,0.755111575127,-0.0409883374686,0.100429607833,0.116007922998,0.98730745559,20.991,22.837,1.524
437,4.599858284,16.7614650726,0.753920197487,-0.0406991091277,0.0998252169127,0.116146890297,0.987364374716,20.991,22.837,1.524
438,4.59902906418,16.7645168304,0.738170981407,-0.0415419570413,0.0994835066844,0.115815268839,0.987402714806,20.991,22.837,1.524
439,4.59902906418,16.7645168304,0.738170981407,-0.0415419570413,0.0994835066844,0.115815268839,0.987402714806,20.991,22.837,1.524
440,4.60442256927,16.7585449219,0.747923612595,-0.0412579499567,0.099834598073,0.116432428667,0.987306600883,20.991,22.837,1.524
441,4.60442256927,16.7585449219,0.747923612595,-0.0412579499567,0.099834598073,0.116432428667,0.987306600883,20.991,22.837,1.524
442,4.59110641479,16.7586479187,0.74908053875,-0.041007866934,0.100135079534,0.115714288113,0.987371016499,20.991,22.837,1.524
443,4.59092712402,16.7665939331,0.762246847153,-0.0408978375734,0.100371657341,0.116217257804,0.987292482638,20.991,22.837,1.524
444,4.59092712402,16.7665939331,0.762246847153,-0.0408978375734,0.100371657341,0.116217257804,0.987292482638,20.991,22.837,1.524
445,4.59236526489,16.7776203156,0.757903218269,-0.0402568642824,0.1001387409,0.115658432333,0.987408094194,20.991,22.837,1.524
446,4.59236526489,16.7776203156,0.757903218269,-0.0402568642824,0.1001387409,0.115658432333,0.987408094194,20.991,22.837,1.524
447,4.59500598907,16.7582454681,0.760301113129,-0.0411765671791,0.100208650074,0.117091396976,0.987194166069,20.991,22.837,1.524
448,4.59509754181,16.7698669434,0.758718848228,-0.0405741060985,0.100340437596,0.115450551229,0.987398961271,20.991,22.837,1.524
449,4.58514499664,16.7725868225,0.749065041542,-0.041298257715,0.0999066260904,0.116303386514,0.987312839103,20.991,22.837,1.524
450,4.58514499664,16.7725868225,0.749065041542,-0.041298257715,0.0999066260904,0.116303386514,0.987312839103,20.991,22.837,1.524
451,4.58842372894,16.7608737946,0.757165908813,-0.0411030224149,0.100209347251,0.116381622833,0.987281087704,20.991,22.837,1.524
452,4.58842372894,16.7608737946,0.757165908813,-0.0411030224149,0.100209347251,0.116381622833,0.987281087704,20.991,22.837,1.524
453,4.59764575958,16.7635326385,0.764612674713,-0.0403994776551,0.100557993971,0.116422295677,0.987269882617,20.991,22.837,1.524
454,4.59521484375,16.7623691559,0.748213887215,-0.0412761563952,0.0997867452963,0.116253228865,0.987331793854,20.991,22.837,1.524
455,4.59521484375,16.7623691559,0.748213887215,-0.0412761563952,0.0997867452963,0.116253228865,0.987331793854,20.991,22.837,1.524
456,4.58133888245,16.7656917572,0.745310902596,-0.0413691133925,0.100145461237,0.115918627727,0.987330924663,20.991,22.837,1.524
457,4.58133888245,16.7656917572,0.745310902596,-0.0413691133925,0.100145461237,0.115918627727,0.987330924663,20.991,22.837,1.524
458,4.59163284302,16.7779331207,0.754442334175,-0.0405813834979,0.0998659104173,0.116733974877,0.987295867691,20.991,22.837,1.524
459,4.57709264755,16.7569103241,0.751816630363,-0.0408722675625,0.100028122159,0.116588555981,0.987284630254,20.991,22.837,1.524
460,4.57709264755,16.7569103241,0.751816630363,-0.0408722675625,0.100028122159,0.116588555981,0.987284630254,20.991,22.837,1.524
461,4.59047698975,16.7718105316,0.753736138344,-0.0407450092374,0.0999895601618,0.116524773729,0.987301326439,20.991,22.837,1.524
462,4.57801628113,16.7618751526,0.757288455963,-0.0407326176777,0.100310958569,0.116369139252,0.987287591777,20.991,22.837,1.524
463,4.5855588913,16.7666492462,0.758885145187,-0.0407862002175,0.100281384457,0.116335793618,0.987292313819,20.991,22.837,1.524
464,4.5855588913,16.7666492462,0.758885145187,-0.0407862002175,0.100281384457,0.116335793618,0.987292313819,20.991,22.837,1.524
465,4.57971382141,16.7547893524,0.758248448372,-0.0407920240034,0.100260541554,0.116411588719,0.98728525594,20.991,22.837,1.524
466,4.57971382141,16.7547893524,0.758248448372,-0.0407920240034,0.100260541554,0.116411588719,0.98728525594,20.991,22.837,1.524
467,4.59397935867,16.7505207062,0.754035949707,-0.0408980696745,0.100061810446,0.115831837604,0.987369215332,20.991,22.837,1.524
468,4.59397935867,16.7505207062,0.754035949707,-0.0408980696745,0.100061810446,0.115831837604,0.987369215332,20.991,22.837,1.524
469,4.58836650848,16.7538757324,0.757392287254,-0.040980271194,0.100223168131,0.116607343241,0.987258153395,20.991,22.837,1.524
470,4.58111190796,16.7607479095,0.754752993584,-0.0403392390092,0.100349295147,0.115820913608,0.987364310035,20.991,22.837,1.524
471,4.59303426743,16.7528190613,0.758443713188,-0.0412864863672,0.100591279743,0.117470053952,0.987105671601,20.991,22.837,1.524
472,4.59303426743,16.7528190613,0.758443713188,-0.0412864863672,0.100591279743,0.117470053952,0.987105671601,20.991,22.837,1.524
473,4.58264541626,16.7572307587,0.762447237968,-0.0407790650572,0.10075385548,0.11598387663,0.987285910373,20.991,22.837,1.524
474,4.58264541626,16.7572307587,0.762447237968,-0.0407790650572,0.10075385548,0.11598387663,0.987285910373,20.991,22.837,1.524
475,4.58249092102,16.7766628265,0.766527056694,-0.0406187946564,0.100883973521,0.116810085474,0.987181817772,20.991,22.837,1.524
476,4.58039188385,16.7633399963,0.755567312241,-0.0408889633911,0.100259599951,0.116334399699,0.98729043991,20.991,22.837,1.524
477,4.58039188385,16.7633399963,0.755567312241,-0.0408889633911,0.100259599951,0.116334399699,0.98729043991,20.991,22.837,1.524
478,4.59891986847,16.7593517303,0.755884289742,-0.0409125206142,0.0998149764052,0.116236685479,0.987346022978,20.991,22.837,1.524
479,4.58798694611,16.7683506012,0.761145234108,-0.0406717566352,0.100468711152,0.116140263639,0.98730101056,20.991,22.837,1.524
480,4.58798694611,16.7683506012,0.761145234108,-0.0406717566352,0.100468711152,0.116140263639,0.98730101056,20.991,22.837,1.524
481,4.61141967773,16.7564487457,0.754570484161,-0.041169368126,0.099970847402,0.115957512522,0.987352403191,20.991,22.837,1.524
482,4.61159610748,16.7660808563,0.756107449532,-0.0408865579975,0.0999175441211,0.115755254451,0.98739328275,20.991,22.837,1.524
483,4.61159610748,16.7660808563,0.756107449532,-0.0408865579975,0.0999175441211,0.115755254451,0.98739328275,20.991,22.837,1.524
484,4.62984085083,16.7821540833,0.763315200806,-0.0404873112005,0.100010911316,0.116221740911,0.98734548269,20.991,22.837,1.524
485,4.62984085083,16.7821540833,0.763315200806,-0.0404873112005,0.100010911316,0.116221740911,0.98734548269,20.991,22.837,1.524
486,4.63810920715,16.7882041931,0.760603666306,-0.040896677175,0.0998936435547,0.116300652753,0.987331190606,20.991,22.837,1.524
487,4.67112541199,16.779510498,0.767203450203,-0.0408063527196,0.100297249163,0.115999030145,0.987329493327,20.991,22.837,1.524
488,4.67112541199,16.779510498,0.767203450203,-0.0408063527196,0.100297249163,0.115999030145,0.987329493327,20.991,22.837,1.524
489,4.69354820251,16.8019981384,0.76721394062,-0.0412177911973,0.100211069118,0.116324566783,0.987282852316,20.991,22.837,1.524
490,4.73627853394,16.799993515,0.7681889534,-0.0407624187436,0.0998693026386,0.115950646628,0.987380370048,20.991,22.837,1.524
491,4.73627853394,16.799993515,0.7681889534,-0.0407624187436,0.0998693026386,0.115950646628,0.987380370048,20.991,22.837,1.524
492,4.76456069946,16.8149585724,0.776339054108,-0.0403229562062,0.0999950645133,0.115237891903,0.987469125869,20.991,22.837,1.524
493,4.76456069946,16.8149585724,0.776339054108,-0.0403229562062,0.0999950645133,0.115237891903,0.987469125869,20.991,22.837,1.524
494,4.81911277771,16.829416275,0.76831817627,-0.040427863598,0.099584186355,0.115362287856,0.987491832986,20.991,22.837,1.524
495,4.86174058914,16.8413028717,0.776606440544,-0.0403386023753,0.100084134385,0.11533145974,0.987448539215,20.991,22.837,1.524
496,4.92776155472,16.8298931122,0.775478243828,-0.0403884611889,0.0996457743177,0.114921473111,0.987538630577,20.991,22.837,1.524
497,4.92776155472,16.8298931122,0.775478243828,-0.0403884611889,0.0996457743177,0.114921473111,0.987538630577,20.991,22.837,1.524
498,4.9764342308,16.8622341156,0.78537106514,-0.0401102812315,0.100167656159,0.115460440065,0.987434297956,20.991,22.837,1.524
499,4.9764342308,16.8622341156,0.78537106514,-0.0401102812315,0.100167656159,0.115460440065,0.987434297956,20.991,22.837,1.524
500,5.06590652466,16.8809318542,0.793956637383,-0.0397626215153,0.0994289344375,0.114813342063,0.987598459603,20.991,22.837,1.524
501,5.12443065643,16.8864307404,0.7859852314,-0.040498609551,0.099397668064,0.114653498566,0.987590270038,20.991,22.837,1.524
502,5.12443065643,16.8864307404,0.7859852314,-0.040498609551,0.099397668064,0.114653498566,0.987590270038,20.991,22.837,1.524
503,5.18184804916,16.9425086975,0.790817856789,-0.0406390171559,0.0994312403758,0.114747576553,0.987570196187,20.991,22.837,1.524
504,5.25675964355,16.9404411316,0.810826897621,-0.0405901682604,0.10004288842,0.114659162552,0.98752070113,20.991,22.837,1.524
505,5.25675964355,16.9404411316,0.810826897621,-0.0405901682604,0.10004288842,0.114659162552,0.98752070113,20.991,22.837,1.524
506,5.33738517761,16.9704608917,0.820963978767,-0.0408883223787,0.10054982401,0.114147961281,0.987516137043,20.991,22.837,1.524
507,5.33738517761,16.9704608917,0.820963978767,-0.0408883223787,0.10054982401,0.114147961281,0.987516137043,20.991,22.837,1.524
508,5.46224308014,17.0061779022,0.815991640091,-0.0408915088209,0.100149278466,0.113112911358,0.987675794891,20.991,22.837,1.524
509,5.46224308014,17.0061779022,0.815991640091,-0.0408915088209,0.100149278466,0.113112911358,0.987675794891,20.991,22.837,1.524
510,5.58025598526,17.0219707489,0.819336652756,-0.0417589659825,0.100083336359,0.112433418778,0.9877237675,20.991,22.837,1.524
511,5.67815065384,17.0703029633,0.831007599831,-0.0408381132537,0.100118456548,0.11209824649,0.987796804155,20.991,22.837,1.524
512,5.67815065384,17.0703029633,0.831007599831,-0.0408381132537,0.100118456548,0.11209824649,0.987796804155,20.991,22.837,1.524
513,5.78434324265,17.0964622498,0.834230780602,-0.0422482716471,0.100259172776,0.112283755822,0.987702151458,20.991,22.837,1.524
514,5.90562343597,17.1144886017,0.822436094284,-0.0434415653249,0.099216188541,0.111610779345,0.987831975726,20.991,22.837,1.524
515,6.00542211533,17.1399421692,0.84362578392,-0.0435567952909,0.099762977683,0.111493424074,0.98778508303,20.991,22.837,1.524
516,6.00542211533,17.1399421692,0.84362578392,-0.0435567952909,0.099762977683,0.111493424074,0.98778508303,20.991,22.837,1.524
517,6.12856864929,17.1833496094,0.846884727478,-0.0436628703059,0.0994495996313,0.111462759445,0.987815460573,20.991,22.837,1.524
518,6.12856864929,17.1833496094,0.846884727478,-0.0436628703059,0.0994495996313,0.111462759445,0.987815460573,20.991,22.837,1.524
519,6.25129508972,17.197807312,0.859453439713,-0.0435522807754,0.0996972824525,0.110210004523,0.987935931938,20.991,22.837,1.524
520,6.37351608276,17.2429180145,0.861460924149,-0.0436238332421,0.0992652490076,0.110407379146,0.987954240915,20.991,22.837,1.524
521,6.37351608276,17.2429180145,0.861460924149,-0.0436238332421,0.0992652490076,0.110407379146,0.987954240915,20.991,22.837,1.524
522,6.49639797211,17.2707309723,0.881193161011,-0.0439728887176,0.0997912167045,0.109403426889,0.987997463717,20.991,22.837,1.524
523,6.63947486877,17.307641983,0.876737356186,-0.0443498351788,0.099547402173,0.109306619116,0.988015925913,20.991,22.837,1.524
524,6.63947486877,17.307641983,0.876737356186,-0.0443498351788,0.099547402173,0.109306619116,0.988015925913,20.991,22.837,1.524
525,6.74263858795,17.3253688812,0.896117091179,-0.0433740408299,0.100179011447,0.108732257164,0.988058780893,20.991,22.837,1.524
526,6.74263858795,17.3253688812,0.896117091179,-0.0433740408299,0.100179011447,0.108732257164,0.988058780893,20.991,22.837,1.524
527,6.88430261612,17.3833122253,0.898558020592,-0.0434416439482,0.0999513824436,0.107932465971,0.988166548466,20.991,22.837,1.524
528,7.03803443909,17.4275035858,0.925506353378,-0.0421880228533,0.10048746981,0.107346352625,0.988230337379,20.991,22.837,1.524
529,7.03803443909,17.4275035858,0.925506353378,-0.0421880228533,0.10048746981,0.107346352625,0.988230337379,20.991,22.837,1.524
530,7.17776441574,17.4678955078,0.934938907623,-0.0406607753519,0.10091735658,0.106352900282,0.98835795595,20.991,22.837,1.524
531,7.36083650589,17.5096416473,0.951952457428,-0.0394685518935,0.100620741911,0.105533078113,0.988524389751,20.991,22.837,1.524
532,7.36083650589,17.5096416473,0.951952457428,-0.0394685518935,0.100620741911,0.105533078113,0.988524389751,20.991,22.837,1.524
533,7.47158098221,17.513841629,0.960204601288,-0.040272006927,0.101136485755,0.1053469129,0.988459207378,20.991,22.837,1.524
534,7.61770057678,17.5478801727,0.957776069641,-0.0410146932244,0.100561388454,0.104367960657,0.988591184909,20.991,22.837,1.524
535,7.61770057678,17.5478801727,0.957776069641,-0.0410146932244,0.100561388454,0.104367960657,0.988591184909,20.991,22.837,1.524
536,7.74862337112,17.5882759094,0.959700942039,-0.041679187793,0.100730958372,0.103506222126,0.988636728688,20.991,22.837,1.524
537,7.74862337112,17.5882759094,0.959700942039,-0.041679187793,0.100730958372,0.103506222126,0.988636728688,20.991,22.837,1.524
538,7.93898534775,17.6236763,0.976302504539,-0.0411639254255,0.101003628197,0.102338037338,0.988752104649,20.991,22.837,1.524
539,8.09240531921,17.6601638794,0.968965530396,-0.04175162295,0.100762639371,0.101075329389,0.988881929391,20.991,22.837,1.524
540,8.09240531921,17.6601638794,0.968965530396,-0.04175162295,0.100762639371,0.101075329389,0.988881929391,20.991,22.837,1.524
541,8.27542591095,17.726348877,0.987611413002,-0.0421813163706,0.101176118822,0.0998106527265,0.988949929537,20.991,22.837,1.524
542,8.42893695831,17.7560424805,1.00710749626,-0.0419846914774,0.101483267386,0.0988737878727,0.989020933142,20.991,22.837,1.524
543,8.42893695831,17.7560424805,1.00710749626,-0.0419846914774,0.101483267386,0.0988737878727,0.989020933142,20.991,22.837,1.524
544,8.57353210449,17.8028316498,1.01324176788,-0.0428202009773,0.102046147232,0.0978697015803,0.989027065219,20.991,22.837,1.524
545,8.76556587219,17.8579788208,1.02670013905,-0.0434577012573,0.102310956862,0.0958241796267,0.989172190726,20.991,22.837,1.524
546,8.76556587219,17.8579788208,1.02670013905,-0.0434577012573,0.102310956862,0.0958241796267,0.989172190726,20.991,22.837,1.524
547,8.9527053833,17.9019603729,1.02786564827,-0.0446262392416,0.10268476795,0.0962331238106,0.989041719587,20.991,22.837,1.524
548,8.9527053833,17.9019603729,1.02786564827,-0.0446262392416,0.10268476795,0.0962331238106,0.989041719587,20.991,22.837,1.524
549,9.15860748291,17.9298839569,1.0490925312,-0.0451795792773,0.102812295681,0.0948061259311,0.989141160785,20.991,22.837,1.524
550,9.31990909576,17.9761734009,1.08122467995,-0.0444366779948,0.103807375363,0.093878951491,0.989159316256,20.991,22.837,1.524
551,9.31990909576,17.9761734009,1.08122467995,-0.0444366779948,0.103807375363,0.093878951491,0.989159316256,20.991,22.837,1.524
552,9.46980190277,18.0187206268,1.0818849802,-0.0424257646246,0.103607010243,0.0938686944585,0.98926958415,20.991,22.837,1.524
553,9.62379646301,18.0569477081,1.09786045551,-0.0390034928794,0.102831131406,0.0933230795221,0.989542969651,20.991,22.837,1.524
554,9.62379646301,18.0569477081,1.09786045551,-0.0390034928794,0.102831131406,0.0933230795221,0.989542969651,20.991,22.837,1.524
555,9.7552947998,18.0677452087,1.10093009472,-0.0382503127388,0.101882043699,0.0928228106599,0.989717580206,20.991,22.837,1.524
556,9.92559719086,18.0937805176,1.11535263062,-0.0371174557405,0.100995026271,0.0922808813222,0.989902287143,20.991,22.837,1.524
557,9.92559719086,18.0937805176,1.11535263062,-0.0371174557405,0.100995026271,0.0922808813222,0.989902287143,20.991,22.837,1.524
558,9.92559719086,18.0937805176,1.11535263062,-0.0371174557405,0.100995026271,0.0922808813222,0.989902287143,20.991,22.837,1.524
559,10.065618515,18.1420326233,1.13220345974,-0.0357342781644,0.101536132966,0.0911973647726,0.989998240264,20.991,22.837,1.524
560,10.2137098312,18.1736125946,1.12653374672,-0.03551371815,0.100818508268,0.0883057785061,0.990341604547,20.991,22.837,1.524
561,10.3891563416,18.2258548737,1.14890944958,-0.0358616831483,0.101712453375,0.0857968654715,0.990458184067,20.991,22.837,1.524
562,10.3891563416,18.2258548737,1.14890944958,-0.0358616831483,0.101712453375,0.0857968654715,0.990458184067,20.991,22.837,1.524
563,10.5509490967,18.2728481293,1.15881502628,-0.0375502664833,0.101018014347,0.0826443795941,0.990734699496,20.991,22.837,1.524
564,10.6979084015,18.289390564,1.15312957764,-0.0380246056654,0.10056382072,0.0798068571967,0.990995415161,20.991,22.837,1.524
565,10.6979084015,18.289390564,1.15312957764,-0.0380246056654,0.10056382072,0.0798068571967,0.990995415161,20.991,22.837,1.524
566,10.829782486,18.3482494354,1.16634953022,-0.0367011088816,0.101349025711,0.0766423898545,0.991215086483,20.991,22.837,1.524
567,10.9756975174,18.3506202698,1.1635620594,-0.0364495967407,0.101301855197,0.0721310358928,0.991567685381,20.991,22.837,1.524
568,10.9756975174,18.3506202698,1.1635620594,-0.0364495967407,0.101301855197,0.0721310358928,0.991567685381,20.991,22.837,1.524
569,11.09283638,18.3632278442,1.17188203335,-0.0370968336106,0.10107263064,0.0684090553693,0.991830806849,20.991,22.837,1.524
570,11.2235050201,18.3960418701,1.18622672558,-0.0374191502734,0.101022831656,0.0643440074664,0.99209578337,20.991,22.837,1.524
571,11.2235050201,18.3960418701,1.18622672558,-0.0374191502734,0.101022831656,0.0643440074664,0.99209578337,20.991,22.837,1.524
572,11.3623600006,18.4193706512,1.19127881527,-0.0375696445188,0.100538821456,0.0603543321647,0.992389954494,20.991,22.837,1.524
573,11.3623600006,18.4193706512,1.19127881527,-0.0375696445188,0.100538821456,0.0603543321647,0.992389954494,20.991,22.837,1.524
574,11.4812507629,18.4404468536,1.22765040398,-0.0352918088079,0.101328309567,0.0565931606816,0.99261486795,20.991,22.837,1.524
575,11.6197385788,18.4548168182,1.21858549118,-0.0346543228645,0.101071152576,0.053220905628,0.99285005677,20.991,22.837,1.524
576,11.6197385788,18.4548168182,1.21858549118,-0.0346543228645,0.101071152576,0.053220905628,0.99285005677,20.991,22.837,1.524
577,11.7385826111,18.4660358429,1.22289943695,-0.0350896872504,0.101083326437,0.0503422054216,0.992983654104,20.991,22.837,1.524
578,11.7385826111,18.4660358429,1.22289943695,-0.0350896872504,0.101083326437,0.0503422054216,0.992983654104,20.991,22.837,1.524
579,11.8493080139,18.4812927246,1.21128022671,-0.0350004944296,0.0997855117623,0.0472065773857,0.993272045355,20.991,22.837,1.524
580,11.9236316681,18.50522995,1.23189866543,-0.0343987272164,0.10074396723,0.0452946357115,0.993285345008,20.991,22.837,1.524
581,12.0094356537,18.5033931732,1.23799276352,-0.0331125378883,0.101520694522,0.0431876413729,0.99334381563,20.991,22.837,1.524
582,12.0094356537,18.5033931732,1.23799276352,-0.0331125378883,0.101520694522,0.0431876413729,0.99334381563,20.991,22.837,1.524
583,12.0672979355,18.5246105194,1.25584924221,-0.0314863905272,0.101958248109,0.0413907781533,0.993428370009,20.991,22.837,1.524
584,12.0672979355,18.5246105194,1.25584924221,-0.0314863905272,0.101958248109,0.0413907781533,0.993428370009,20.991,22.837,1.524
585,12.1075992584,18.5298709869,1.26113533974,-0.0307080118542,0.10216883731,0.0396339942261,0.993502739398,20.991,22.837,1.524
586,12.170088768,18.5379581451,1.25898981094,-0.0309952582346,0.102132721053,0.0384690232172,0.993543323419,20.991,22.837,1.524
587,12.170088768,18.5379581451,1.25898981094,-0.0309952582346,0.102132721053,0.0384690232172,0.993543323419,20.991,22.837,1.524
588,12.1948251724,18.5460987091,1.26880884171,-0.0307515957997,0.102820061194,0.0377615102001,0.993507142762,20.991,22.837,1.524
589,12.2293071747,18.5525226593,1.27278602123,-0.0293325875745,0.102513629737,0.0377088969138,0.993583712688,20.991,22.837,1.524
590,12.2293071747,18.5525226593,1.27278602123,-0.0293325875745,0.102513629737,0.0377088969138,0.993583712688,20.991,22.837,1.524
591,12.2652025223,18.5564441681,1.2732309103,-0.0300119354247,0.103042975719,0.0362711442492,0.993562193817,20.991,22.837,1.524
592,12.2652025223,18.5564441681,1.2732309103,-0.0300119354247,0.103042975719,0.0362711442492,0.993562193817,20.991,22.837,1.524
593,12.2674617767,18.5561008453,1.27340734005,-0.0297354243196,0.102985002053,0.0361286662292,0.993581709458,20.991,22.837,1.524
594,12.2674617767,18.5561008453,1.27340734005,-0.0297354243196,0.102985002053,0.0361286662292,0.993581709458,20.991,22.837,1.524
595,12.2699289322,18.5637359619,1.27067708969,-0.0303383601266,0.102577559853,0.0362143477358,0.993602510634,20.991,22.837,1.524
596,12.2678155899,18.564447403,1.28390789032,-0.0291957852377,0.103210788408,0.0360729153108,0.993576310135,20.991,22.837,1.524
597,12.2543907166,18.5675449371,1.26829636097,-0.0296151963919,0.10202129632,0.0361239883085,0.993684886022,20.991,22.837,1.524
598,12.2543907166,18.5675449371,1.26829636097,-0.0296151963919,0.10202129632,0.0361239883085,0.993684886022,20.991,22.837,1.524
599,12.2449493408,18.5562858582,1.26774668694,-0.0303038463682,0.102254749652,0.0361765933314,0.993638212411,20.991,22.837,1.524
600,12.2449493408,18.5562858582,1.26774668694,-0.0303038463682,0.102254749652,0.0361765933314,0.993638212411,20.991,22.837,1.524
601,12.2565040588,18.5611362457,1.27301108837,-0.0297782126804,0.101859104985,0.0355754664464,0.993716441933,20.991,22.837,1.524
602,12.2635421753,18.5651836395,1.26472449303,-0.0299168822098,0.101313147253,0.0364965624136,0.993734686566,20.991,22.837,1.524
603,12.2602939606,18.5644245148,1.2756152153,-0.029199442715,0.101730806861,0.0356501856913,0.993744081613,20.991,22.837,1.524
604,12.2602939606,18.5644245148,1.2756152153,-0.029199442715,0.101730806861,0.0356501856913,0.993744081613,20.991,22.837,1.524
605,12.255859375,18.5613365173,1.2673728466,-0.0298624113439,0.101472643665,0.0360969242689,0.993734648201,20.991,22.837,1.524
606,12.255859375,18.5613365173,1.2673728466,-0.0298624113439,0.101472643665,0.0360969242689,0.993734648201,20.991,22.837,1.524
607,12.2701072693,18.5638256073,1.27745199203,-0.0298135045858,0.10169084332,0.0355850068758,0.99373227512,20.991,22.837,1.524
608,12.2592954636,18.5671081543,1.2741985321,-0.0293777087785,0.101613386551,0.0361466955818,0.993732904909,20.991,22.837,1.524
609,12.2592954636,18.5671081543,1.2741985321,-0.0293777087785,0.101613386551,0.0361466955818,0.993732904909,20.991,22.837,1.524
610,12.2413635254,18.5558280945,1.28039681911,-0.0292330688472,0.101992555412,0.0357234394153,0.993713631889,20.991,22.837,1.524
611,12.2671585083,18.5611610413,1.26928555965,-0.0296263711299,0.101679635657,0.0354289584255,0.993744594315,20.991,22.837,1.524
612,12.2671585083,18.5611610413,1.26928555965,-0.0296263711299,0.101679635657,0.0354289584255,0.993744594315,20.991,22.837,1.524
613,12.2620182037,18.5691947937,1.28004693985,-0.0292004344157,0.102047729975,0.0362323215505,0.993690502275,20.991,22.837,1.524
614,12.2620182037,18.5691947937,1.28004693985,-0.0292004344157,0.102047729975,0.0362323215505,0.993690502275,20.991,22.837,1.524
615,12.2447071075,18.5535984039,1.27745914459,-0.0291399036641,0.101878873249,0.0355127011556,0.993735583169,20.991,22.837,1.524
616,12.2447071075,18.5535984039,1.27745914459,-0.0291399036641,0.101878873249,0.0355127011556,0.993735583169,20.991,22.837,1.524
617,12.2575759888,18.5637111664,1.27857494354,-0.0294373570885,0.101779148893,0.0354712074801,0.993738517065,20.991,22.837,1.524
618,12.252371788,18.5629444122,1.28012371063,-0.0288883668666,0.102289052339,0.0357006206736,0.993694056395,20.991,22.837,1.524
619,12.2672634125,18.5680770874,1.27177715302,-0.0297706527964,0.101572746635,0.0359969675384,0.993730800419,20.991,22.837,1.524
620,12.2672634125,18.5680770874,1.27177715302,-0.0297706527964,0.101572746635,0.0359969675384,0.993730800419,20.991,22.837,1.524
621,12.2532434464,18.5597801208,1.27082300186,-0.0293851571254,0.101578256803,0.035616349771,0.993755425603,20.991,22.837,1.524
622,12.2532434464,18.5597801208,1.27082300186,-0.0293851571254,0.101578256803,0.035616349771,0.993755425603,20.991,22.837,1.524
623,12.2698392868,18.559223175,1.27220547199,-0.0294380887272,0.101411948925,0.0360585643458,0.993754897087,20.991,22.837,1.524
624,12.2651987076,18.5618591309,1.27278661728,-0.0296036412043,0.101463531187,0.0358053089202,0.993753870996,20.991,22.837,1.524
625,12.2511205673,18.580783844,1.27792727947,-0.0293712350017,0.101986635278,0.0362508216715,0.99369106603,20.991,22.837,1.524
626,12.2511205673,18.580783844,1.27792727947,-0.0293712350017,0.101986635278,0.0362508216715,0.99369106603,20.991,22.837,1.524
627,12.249956131,18.5654277802,1.28838062286,-0.0290205223489,0.102375422951,0.0358234008798,0.993676892157,20.991,22.837,1.524
628,12.249956131,18.5654277802,1.28838062286,-0.0290205223489,0.102375422951,0.0358234008798,0.993676892157,20.991,22.837,1.524
629,12.2539272308,18.5761756897,1.27764606476,-0.0292363558583,0.101965654906,0.0360478332215,0.993704581068,20.991,22.837,1.524
630,12.2575769424,18.5565280914,1.26517868042,-0.0295733561241,0.101486667692,0.035618373198,0.993759127948,20.991,22.837,1.524
631,12.2575769424,18.5565280914,1.26517868042,-0.0295733561241,0.101486667692,0.035618373198,0.993759127948,20.991,22.837,1.524
632,12.2496032715,18.5628528595,1.27421975136,-0.0295169991819,0.101960889951,0.0356290330779,0.993711877599,20.991,22.837,1.524
633,12.2700033188,18.5652866364,1.27271461487,-0.0291319674754,0.101707954463,0.0360381452591,0.993734407453,20.991,22.837,1.524
634,12.2700033188,18.5652866364,1.27271461487,-0.0291319674754,0.101707954463,0.0360381452591,0.993734407453,20.991,22.837,1.524
635,12.2550191879,18.5604915619,1.27865576744,-0.0293813681566,0.102009872058,0.035591516867,0.993712214444,20.991,22.837,1.524
636,12.2550191879,18.5604915619,1.27865576744,-0.0293813681566,0.102009872058,0.035591516867,0.993712214444,20.991,22.837,1.524
637,12.2563695908,18.5668869019,1.27763068676,-0.0291763346682,0.102042744726,0.0358419998772,0.993705877405,20.991,22.837,1.524
638,12.2563695908,18.5668869019,1.27763068676,-0.0291763346682,0.102042744726,0.0358419998772,0.993705877405,20.991,22.837,1.524
639,12.2529459,18.5639266968,1.26891982555,-0.029533701484,0.101798408288,0.0356803023139,0.993726200004,20.991,22.837,1.524
640,12.2538137436,18.5610771179,1.2824460268,-0.0289326264615,0.102168889518,0.0360392419037,0.993692907383,20.991,22.837,1.524
641,12.2506332397,18.5649356842,1.26946139336,-0.0294978811666,0.101955538891,0.0356232187129,0.993713202783,20.991,22.837,1.524
642,12.2506332397,18.5649356842,1.26946139336,-0.0294978811666,0.101955538891,0.0356232187129,0.993713202783,20.991,22.837,1.524
643,12.2506332397,18.5649356842,1.26946139336,-0.0294978811666,0.101955538891,0.0356232187129,0.993713202783,20.991,22.837,1.524
644,12.2444963455,18.5611095428,1.28613352776,-0.0290635023674,0.102266314218,0.0361266127449,0.993675893669,20.991,22.837,1.524
645,12.2575130463,18.5642929077,1.27636325359,-0.0291462507995,0.101749872699,0.0359320169258,0.993733540558,20.991,22.837,1.524
646,12.2575130463,18.5642929077,1.27636325359,-0.0291462507995,0.101749872699,0.0359320169258,0.993733540558,20.991,22.837,1.524
647,12.2590112686,18.5618286133,1.27477693558,-0.0296820078754,0.102194901799,0.0357991992871,0.993676807511,20.991,22.837,1.524
648,12.2667217255,18.5734024048,1.27538573742,-0.029570882203,0.102390393109,0.0357144341749,0.993663046267,20.991,22.837,1.524
649,12.2644042969,18.565404892,1.27553248405,-0.0291622912028,0.101458085622,0.0356549367067,0.993772883068,20.991,22.837,1.524
650,12.2644042969,18.565404892,1.27553248405,-0.0291622912028,0.101458085622,0.0356549367067,0.993772883068,20.991,22.837,1.524
651,12.2401123047,18.5747203827,1.26848685741,-0.0294517585763,0.101605793934,0.0358410365585,0.993742560553,20.991,22.837,1.524
652,12.2643909454,18.5691604614,1.27315044403,-0.029366518051,0.101617645483,0.0356362954657,0.99375123456,20.991,22.837,1.524
653,12.2643909454,18.5691604614,1.27315044403,-0.029366518051,0.101617645483,0.0356362954657,0.99375123456,20.991,22.837,1.524
654,12.2507295609,18.5648822784,1.26558482647,-0.029465726827,0.102023269279,0.0357391243674,0.993703043398,20.991,22.837,1.524
655,12.2606163025,18.5663566589,1.27870118618,-0.0292217308434,0.101824770323,0.0359581360034,0.993722707323,20.991,22.837,1.524
656,12.2606163025,18.5663566589,1.27870118618,-0.0292217308434,0.101824770323,0.0359581360034,0.993722707323,20.991,22.837,1.524
657,12.248216629,18.5677623749,1.27995729446,-0.0291177670154,0.101732019895,0.0358292845286,0.993739912725,20.991,22.837,1.524
658,12.248216629,18.5677623749,1.27995729446,-0.0291177670154,0.101732019895,0.0358292845286,0.993739912725,20.991,22.837,1.524
659,12.2583007812,18.5693759918,1.27682876587,-0.0289733346077,0.102130916554,0.0360131021599,0.99369657252,20.991,22.837,1.524
660,12.2685470581,18.5576438904,1.27316188812,-0.029357834448,0.101573544764,0.0357660368648,0.9937513387,20.991,22.837,1.524
661,12.2685470581,18.5576438904,1.27316188812,-0.029357834448,0.101573544764,0.0357660368648,0.9937513387,20.991,22.837,1.524
662,12.2472906113,18.5740127563,1.2686662674,-0.0295350451902,0.101747037216,0.0360743909006,0.993717193091,20.991,22.837,1.524
663,12.2472515106,18.559885025,1.27181982994,-0.0297978671384,0.101786719326,0.0358129527617,0.993714739398,20.991,22.837,1.524
664,12.2472515106,18.559885025,1.27181982994,-0.0297978671384,0.101786719326,0.0358129527617,0.993714739398,20.991,22.837,1.524
665,12.2571544647,18.5731086731,1.26817643642,-0.0297516198051,0.101497509253,0.0359236439809,0.993741711179,20.991,22.837,1.524
666,12.2600402832,18.5695362091,1.27775728703,-0.0294300658866,0.101632369662,0.0357667406041,0.993743162455,20.991,22.837,1.524
667,12.2600402832,18.5695362091,1.27775728703,-0.0294300658866,0.101632369662,0.0357667406041,0.993743162455,20.991,22.837,1.524
668,12.2592754364,18.5755805969,1.27734839916,-0.0287406876657,0.101897688626,0.0359666057155,0.9937289556,20.991,22.837,1.524
669,12.2592754364,18.5755805969,1.27734839916,-0.0287406876657,0.101897688626,0.0359666057155,0.9937289556,20.991,22.837,1.524
670,12.2498502731,18.5533638,1.27366375923,-0.0295442518628,0.101863257865,0.0357981211537,0.993715003611,20.991,22.837,1.524
671,12.2616567612,18.5712661743,1.27562642097,-0.0290655925137,0.101829685794,0.0359065511993,0.993728648074,20.991,22.837,1.524
672,12.2616567612,18.5712661743,1.27562642097,-0.0290655925137,0.101829685794,0.0359065511993,0.993728648074,20.991,22.837,1.524
